time,pos_pelvis_tilt,pos_pelvis_list,pos_pelvis_rotation,pos_pelvis_tx,pos_pelvis_ty,pos_pelvis_tz,pos_hip_flexion_r,pos_hip_adduction_r,pos_hip_rotation_r,pos_knee_angle_r,pos_ankle_angle_r,pos_subtalar_angle_r,pos_mtp_angle_r,pos_hip_flexion_l,pos_hip_adduction_l,pos_hip_rotation_l,pos_knee_angle_l,pos_ankle_angle_l,pos_subtalar_angle_l,pos_mtp_angle_l,pos_lumbar_extension,pos_lumbar_bending,pos_lumbar_rotation,pos_arm_flex_r,pos_arm_add_r,pos_arm_rot_r,pos_elbow_flex_r,pos_pro_sup_r,pos_arm_flex_l,pos_arm_add_l,pos_arm_rot_l,pos_elbow_flex_l,pos_pro_sup_l,vel_pelvis_tilt,vel_pelvis_list,vel_pelvis_rotation,vel_pelvis_tx,vel_pelvis_ty,vel_pelvis_tz,vel_hip_flexion_r,vel_hip_adduction_r,vel_hip_rotation_r,vel_knee_angle_r,vel_ankle_angle_r,vel_subtalar_angle_r,vel_mtp_angle_r,vel_hip_flexion_l,vel_hip_adduction_l,vel_hip_rotation_l,vel_knee_angle_l,vel_ankle_angle_l,vel_subtalar_angle_l,vel_mtp_angle_l,vel_lumbar_extension,vel_lumbar_bending,vel_lumbar_rotation,vel_arm_flex_r,vel_arm_add_r,vel_arm_rot_r,vel_elbow_flex_r,vel_pro_sup_r,vel_arm_flex_l,vel_arm_add_l,vel_arm_rot_l,vel_elbow_flex_l,vel_pro_sup_l,tau_pelvis_tilt,tau_pelvis_list,tau_pelvis_rotation,tau_pelvis_tx,tau_pelvis_ty,tau_pelvis_tz,tau_hip_flexion_r,tau_hip_adduction_r,tau_hip_rotation_r,tau_knee_angle_r,tau_ankle_angle_r,tau_subtalar_angle_r,tau_mtp_angle_r,tau_hip_flexion_l,tau_hip_adduction_l,tau_hip_rotation_l,tau_knee_angle_l,tau_ankle_angle_l,tau_subtalar_angle_l,tau_mtp_angle_l,tau_lumbar_extension,tau_lumbar_bending,tau_lumbar_rotation,tau_arm_flex_r,tau_arm_add_r,tau_arm_rot_r,tau_elbow_flex_r,tau_pro_sup_r,tau_arm_flex_l,tau_arm_add_l,tau_arm_rot_l,tau_elbow_flex_l,tau_pro_sup_l,acc_pelvis_tilt,acc_pelvis_list,acc_pelvis_rotation,acc_pelvis_tx,acc_pelvis_ty,acc_pelvis_tz,acc_hip_flexion_r,acc_hip_adduction_r,acc_hip_rotation_r,acc_knee_angle_r,acc_ankle_angle_r,acc_subtalar_angle_r,acc_mtp_angle_r,acc_hip_flexion_l,acc_hip_adduction_l,acc_hip_rotation_l,acc_knee_angle_l,acc_ankle_angle_l,acc_subtalar_angle_l,acc_mtp_angle_l,acc_lumbar_extension,acc_lumbar_bending,acc_lumbar_rotation,acc_arm_flex_r,acc_arm_add_r,acc_arm_rot_r,acc_elbow_flex_r,acc_pro_sup_r,acc_arm_flex_l,acc_arm_add_l,acc_arm_rot_l,acc_elbow_flex_l,acc_pro_sup_l,missing_grf_data,missing_grf_reason,calcn_r_probably_contacting_ground,calcn_l_probably_contacting_ground,calcn_r_contact_cop_x,calcn_r_contact_cop_y,calcn_r_contact_cop_z,calcn_r_contact_moment_x,calcn_r_contact_moment_y,calcn_r_contact_moment_z,calcn_r_contact_force_x,calcn_r_contact_force_y,calcn_r_contact_force_z,calcn_l_contact_cop_x,calcn_l_contact_cop_y,calcn_l_contact_cop_z,calcn_l_contact_moment_x,calcn_l_contact_moment_y,calcn_l_contact_moment_z,calcn_l_contact_force_x,calcn_l_contact_force_y,calcn_l_contact_force_z,marker_error_rms,marker_error_max,residual_norm
0,0.0884741,0.0623766,0.0507599,-0.164365,0.919624,-0.266058,0.406463,-0.082949,-0.221132,0.147601,0.159153,0.0691875,-0.0152834,-0.410553,0.0520191,-0.0936492,0.255481,0.334458,0.0658024,-0.0187178,-0.219516,-0.0394252,-0.146856,-0.258933,-0.0916922,-0.33299,0.53899,2.05658,0.331999,-0.197086,0.123688,1.06097,1.74736,0,0,0,0,0,0,0,0,0,0,0,0,0,0,0,0,0,0,0,0,0,0,0,0,0,0,0,0,0,0,0,0,0,0,0,0,0,0,0,0,0,0,0,0,0,0,0,0,0,0,0,0,0,0,0,0,0,0,0,0,0,0,0,0,0,0,0,0,0,0,0,0,0,0,0,0,0,0,0,0,0,0,0,0,0,0,0,0,0,0,0,0,0,0,0,0,0,0,0,0,0,1,0,0.117631,0,-0.199563,-0.0116427,0.0765782,0.00423963,-43.0667,283.265,15.6825,0,0,0,0,0,0,0,0,0,0.000348873,0.0350085,0
0.01,0.0849719,0.0491941,0.049193,-0.146912,0.922607,-0.264234,0.411305,-0.0653462,-0.201849,0.169927,0.108998,0.0193398,-0.0152866,-0.407015,0.0321837,-0.105618,0.287749,0.313509,0.063786,-0.0187101,-0.209667,-0.0244371,-0.143301,-0.261037,-0.0943201,-0.33594,0.532338,2.05593,0.31665,-0.192957,0.119602,1.06146,1.7452,-0.350215,-1.31825,-0.156694,1.74534,0.298268,0.182356,0.484192,1.76027,1.92833,2.23265,-5.01552,-4.98477,-0.000312825,0.353786,-1.98354,-1.19687,3.2268,-2.09485,-0.201643,0.00076465,0.984923,1.49881,0.355525,-0.210442,-0.262791,-0.295014,-0.665263,-0.0648475,-1.53485,0.412885,-0.408607,0.0497554,-0.215348,-35.6095,20.6332,-6.98568,-0.22711,0.180168,-0.201324,-61.8029,-1.90261,-0.441424,18.9927,6.31033,-0.309775,-0.0121541,22.6961,-1.58697,1.24639,-4.21296,-1.04025,0.00681864,0.00811447,4.94271,-3.06049,6.04978,1.3641,-1.14504,-0.130807,1.25252,-0.0360937,-4.81975,-0.809874,0.120655,-0.977615,0.0186349,-1.39545,1.09834,-6.4704,-2.52509,-4.46212,0.658605,5.62,-5.21595,-25.8098,24.3421,95.7278,52.3046,-3.09662e-06,44.9365,-0.0904235,21.8763,53.1283,-95.581,-57.984,9.98754e-06,-3.49014,-1.86743,6.02558,6.75957,-0.57406,1.15323,12.4986,2.21683,-7.76153,6.36014,-12.0292,-14.8783,8.80289,0,0,1,0,0.122789,0,-0.198901,-0.00856416,0.0492723,0.00201135,-54.2392,312.056,12.7385,0,0,0,0,0,0,0,0,0,0.000249301,0.0321915,41.7456
0.02,0.0813302,0.0361214,0.046979,-0.129711,0.925143,-0.262345,0.416709,-0.0482651,-0.185147,0.194688,0.0684156,-0.0252774,-0.0152897,-0.398983,0.0123393,-0.115399,0.32533,0.283003,0.0559712,-0.0187025,-0.200167,-0.00963575,-0.139143,-0.262466,-0.0970054,-0.338775,0.526935,2.0555,0.300526,-0.188193,0.114313,1.06047,1.74393,-0.36417,-1.30727,-0.221398,1.72009,0.253647,0.188942,0.540392,1.70811,1.67023,2.47607,-4.05824,-4.46172,-0.000312856,0.803151,-1.98444,-0.978109,3.75809,-3.05066,-0.781482,0.00076475,0.950021,1.48014,0.415781,-0.142846,-0.268532,-0.283482,-0.540277,-0.0426793,-1.61247,0.476486,-0.528899,-0.0990276,-0.127319,-29.5498,18.0814,-6.33419,-0.231821,0.0839741,-0.180722,-57.8479,-5.53617,0.0444104,12.9891,7.59812,-0.0850253,-0.0116142,22.1832,-1.35242,1.05487,-3.86084,-0.984605,-0.00824099,0.00650909,6.80814,-4.08274,5.91244,1.07323,-1.18301,-0.143809,1.22214,-0.0357441,-4.82603,-0.856978,0.105362,-0.865606,0.0158318,-1.46355,0.835575,-6.35043,-2.7505,-3.96472,0.59019,4.86944,-4.65518,-25.0855,22.6049,94.8952,51.5685,-3.36516e-06,45.4782,-0.491392,21.5363,53.5476,-94.5988,-57.1045,1.05807e-05,-3.50872,-1.60296,5.99974,6.8461,-0.607586,1.25316,12.6139,2.21309,-7.53934,6.36369,-11.9854,-15.13,8.99541,0,0,1,0,0.128748,0,-0.198116,-0.00793314,0.0413255,0.00110618,-66.1549,344.616,9.22454,0,0,0,0,0,0,0,0,0,0.000209489,0.0298272,35.2185
0.03,0.0775422,0.0231323,0.04413,-0.112785,0.927283,-0.260396,0.422599,-0.0316495,-0.170953,0.221709,0.0373227,-0.0647378,-0.0152928,-0.386404,-0.00755428,-0.123027,0.368266,0.243036,0.0424459,-0.0186949,-0.191017,0.00500531,-0.134385,-0.26321,-0.0997515,-0.341484,0.522794,2.05529,0.283647,-0.182791,0.107825,1.05797,1.74355,-0.378805,-1.29891,-0.284902,1.69259,0.214,0.194843,0.589087,1.66156,1.41938,2.70212,-3.10929,-3.94604,-0.00031289,1.25793,-1.98936,-0.762746,4.29356,-3.99665,-1.35253,0.000764856,0.914934,1.46411,0.475778,-0.0743849,-0.274608,-0.27095,-0.414138,-0.0205484,-1.68786,0.540123,-0.648753,-0.250328,-0.0373651,-24.0443,15.5247,-5.81321,-0.207423,0.0215861,-0.104413,-54.2316,-9.43724,0.812172,6.34186,8.6848,0.0914854,-0.0111198,22.057,-1.09988,0.835126,-3.61018,-0.882267,-0.0263284,0.00417536,8.29312,-5.20189,5.86367,0.860332,-1.23714,-0.156203,1.2256,-0.0361305,-4.78078,-0.93534,0.0753585,-0.750787,0.0131753,-1.55881,0.265169,-5.9913,-3.00009,-3.41586,0.518507,2.6575,-3.2832,-23.2317,17.6214,92.1633,49.7341,-3.58455e-06,46.526,-1.32424,20.8892,53.9217,-91.0404,-54.3812,1.12551e-05,-3.65193,-1.02363,5.921,7.05929,-0.694727,1.56644,12.9564,2.1349,-6.78561,6.33208,-11.7227,-15.9038,9.51886,0,0,1,0,0.134471,0,-0.197324,-0.0111863,0.054239,0.000733843,-78.429,380.278,5.14509,0,0,0,0,0,0,0,0,0,0.000197095,0.0277999,29.206
0.04,0.0735982,0.0101697,0.0406819,-0.0961595,0.929081,-0.258396,0.428756,-0.0153622,-0.159082,0.250493,0.0154461,-0.0992248,-0.0152959,-0.369172,-0.0275802,-0.128565,0.416594,0.193966,0.0234825,-0.0186872,-0.182233,0.019544,-0.129035,-0.263248,-0.102567,-0.344037,0.519948,2.0553,0.26609,-0.176757,0.100166,1.05388,1.74413,-0.394393,-1.29626,-0.344815,1.66258,0.179841,0.200029,0.615662,1.62873,1.18706,2.87834,-2.18766,-3.4487,-0.000312925,1.72319,-2.0026,-0.553854,4.83278,-4.90706,-1.89634,0.000764968,0.878415,1.45387,0.534988,-0.00379195,-0.281555,-0.255285,-0.284574,0.000800648,-1.75571,0.603444,-0.76598,-0.409365,0.0578235,-19.1047,12.8554,-5.20254,-0.171242,0.0140046,-0.0309043,-50.8769,-13.5524,1.84995,-0.983485,9.48762,0.197195,-0.0106246,22.3277,-0.620095,0.544856,-3.54537,-0.702454,-0.0459933,0.000816504,9.33646,-6.4172,5.93585,0.749993,-1.31873,-0.168098,1.26952,-0.0373396,-4.64159,-1.05235,0.0258807,-0.627356,0.0105154,-1.57093,-0.38578,-5.28819,-3.26032,-2.81949,0.422092,-1.27043,-1.37739,-20.4427,8.9419,86.7291,47.0878,-3.76535e-06,47.4532,-2.1352,20.3137,53.0201,-82.9346,-49.1182,1.19815e-05,-4.03974,-0.362763,5.71734,7.38291,-0.84984,2.22279,13.5364,1.89082,-5.27641,6.17833,-11.0136,-17.321,10.3109,0,0,1,0,0.13985,0,-0.196551,-0.0189547,0.0874588,0.000117206,-90.6143,418.102,0.560312,0,0,0,0,0,0,0,0,0,0.00019834,0.0280186,23.6082
0.05,0.0694972,-0.00283151,0.0367049,-0.0798597,0.930598,-0.256354,0.434786,0.000787388,-0.149256,0.28017,0.00224245,-0.129003,-0.0152991,-0.347195,-0.0478197,-0.132072,0.470223,0.136602,-0.000392698,-0.0186796,-0.173853,0.0340464,-0.123114,-0.262547,-0.105468,-0.346367,0.518456,2.0555,0.248005,-0.170105,0.0914044,1.04805,1.74574,-0.410103,-1.30012,-0.397697,1.62998,0.151647,0.204249,0.602958,1.61496,0.982633,2.96776,-1.32037,-2.97782,-0.000312963,2.19772,-2.02395,-0.350717,5.36298,-5.7364,-2.38752,0.000765088,0.838017,1.45024,0.592162,0.0700371,-0.290053,-0.233058,-0.14921,0.0197089,-1.80848,0.665227,-0.876117,-0.582575,0.160932,-14.6616,10.029,-4.27783,-0.111099,-0.0218345,0.123758,-47.5712,-17.8758,3.11378,-8.91309,9.9333,0.221624,-0.0100451,22.7807,0.259938,0.13633,-3.68019,-0.419298,-0.0662393,-0.00377606,9.99895,-7.66887,6.12247,0.73767,-1.4356,-0.179561,1.34852,-0.0390952,-4.38758,-1.19715,-0.0383753,-0.488665,0.00767989,-1.40241,-0.720058,-4.15714,-3.50675,-2.19335,0.275271,-6.5885,0.391668,-17.2655,-2.68213,78.3592,44.189,-3.90819e-06,47.4553,-2.19139,20.2447,49.5157,-68.3181,-41.0228,1.27302e-05,-4.70632,-0.0335576,5.26948,7.76409,-1.0798,3.34871,14.2297,1.43416,-2.97403,5.78296,-9.65095,-19.3071,11.0826,0,0,1,0,0.14481,0,-0.195825,-0.0315332,0.140965,-0.00135505,-102.207,456.903,-4.39205,0,0,0,0,0,0,0,0,0,0.000204065,0.0295531,18.2721
0.06,0.0652559,-0.0159047,0.0323122,-0.0639105,0.931895,-0.254284,0.440156,0.0169761,-0.141156,0.309579,-0.0031253,-0.154362,-0.0153022,-0.320472,-0.0682784,-0.133555,0.528805,0.0724058,-0.0283702,-0.0186719,-0.165943,0.0485455,-0.116665,-0.26107,-0.108476,-0.348363,0.518387,2.05584,0.229623,-0.162874,0.0816781,1.04029,1.74846,-0.424127,-1.30732,-0.439268,1.59491,0.129713,0.207002,0.537073,1.61887,0.809978,2.94094,-0.536774,-2.53593,-0.000313002,2.67228,-2.04586,-0.148271,5.85814,-6.41958,-2.79775,0.000765215,0.790954,1.44991,0.644856,0.147678,-0.300851,-0.19957,-0.00691317,0.0340505,-1.83822,0.723057,-0.972626,-0.775646,0.271758,-10.6477,7.1075,-2.92403,-0.0311281,-0.075154,0.144873,-44.0618,-22.3994,4.5332,-17.2351,9.97662,0.16708,-0.00931242,23.09,1.56772,-0.423514,-3.97461,-0.0225131,-0.0866248,-0.00956575,10.4024,-8.89156,6.37885,0.793274,-1.58359,-0.189681,1.44746,-0.0408014,-4.0263,-1.35038,-0.106128,-0.33132,0.00453915,-1.00016,-0.304991,-2.54484,-3.71083,-1.56316,0.0526359,-12.522,1.19261,-14.3467,-15.5722,67.5345,41.6082,-4.02057e-06,45.8935,-0.738716,20.9494,42.5399,-45.8544,-30.2932,1.34416e-05,-5.5852,-0.49391,4.43318,8.14533,-1.37696,5.02628,14.799,0.813495,-0.0441444,5.02032,-7.50601,-21.6253,11.3989,0,0,1,0,0.149307,0,-0.195169,-0.0489583,0.215202,-0.0041306,-112.695,495.364,-9.50805,0,0,0,0,0,0,0,0,0,0.000209094,0.0305832,13.1327
0.07,0.0609147,-0.0290084,0.027665,-0.0483325,0.933036,-0.252208,0.444275,0.0332841,-0.134491,0.337432,-0.0017396,-0.175561,-0.0153053,-0.28916,-0.0888109,-0.132943,0.59164,0.00362447,-0.059377,-0.0186642,-0.158592,0.0629952,-0.109773,-0.258779,-0.111622,-0.349856,0.519798,2.05626,0.211236,-0.155141,0.0712013,1.03038,1.75232,-0.434128,-1.31037,-0.464717,1.55781,0.114082,0.207529,0.411853,1.6308,0.66651,2.78521,0.13857,-2.11985,-0.000313042,3.13121,-2.05325,0.061223,6.28354,-6.87813,-3.10068,0.00076535,0.735102,1.44497,0.689188,0.229131,-0.314621,-0.149308,0.141077,0.0421855,-1.83866,0.77326,-1.04769,-0.991899,0.385747,-7.04603,4.30793,-1.13585,0.112964,-0.0668739,0.257864,-40.147,-27.1196,6.02556,-25.6195,9.60963,0.0505685,-0.0084063,22.9425,3.16475,-1.13069,-4.36765,0.475269,-0.106849,-0.0161836,10.6608,-9.95303,6.637,0.872436,-1.75745,-0.198312,1.54624,-0.0417665,-3.58808,-1.48137,-0.161271,-0.155878,0.0010962,-0.34623,1.1872,-0.439486,-3.84537,-0.955293,-0.249661,-18.129,0.305813,-12.2314,-27.6584,55.3172,39.7472,-4.09107e-06,42.4682,2.74332,22.4016,31.9593,-15.4978,-17.6185,1.39912e-05,-6.55179,-2.09725,3.07681,8.48887,-1.71333,7.24872,14.9541,0.172583,3.19515,3.79325,-4.57044,-23.9514,10.8318,0,0,1,0,0.153337,0,-0.194595,-0.0703563,0.307842,-0.00842364,-121.642,532.243,-14.564,0,0,0,0,0,0,0,0,0,0.000211595,0.0311791,8.34138
0.08,0.0565388,-0.0419934,0.0229739,-0.033139,0.934081,-0.250158,0.446581,0.0496227,-0.129049,0.362518,0.00517782,-0.192785,-0.0153085,-0.253601,-0.109069,-0.13009,0.657671,-0.0667066,-0.0921457,-0.0186566,-0.151897,0.0772351,-0.102574,-0.255639,-0.11494,-0.350624,0.522704,2.0567,0.193169,-0.147029,0.0602673,1.01806,1.75726,-0.437591,-1.2985,-0.469111,1.51935,0.104529,0.205032,0.230563,1.63386,0.544197,2.50863,0.691742,-1.72238,-0.000313083,3.55589,-2.02582,0.285239,6.60313,-7.03311,-3.27687,0.00076549,0.669584,1.42399,0.719956,0.31402,-0.331754,-0.0768204,0.290619,0.0439113,-1.80671,0.811193,-1.09339,-1.23141,0.494065,-3.91804,1.95519,0.881683,0.115715,-0.17478,0.00825398,-35.762,-31.9685,7.50316,-33.6671,8.86409,-0.0987069,-0.00736311,22.1278,4.7067,-1.91472,-4.811,1.03721,-0.126924,-0.0229537,10.8344,-10.782,6.81424,0.92239,-1.93194,-0.2034,1.62214,-0.0413146,-3.12084,-1.57273,-0.192233,0.0298424,-0.00250141,0.522198,3.86207,2.09211,-3.8961,-0.398256,-0.624049,-22.5522,-2.62396,-11.2259,-37.0643,43.0012,38.7365,-4.03303e-06,37.2842,8.34102,24.2381,18.3936,21.0461,-4.06429,1.43397e-05,-7.44932,-4.96699,1.14266,8.78473,-2.04127,9.89739,14.4332,-0.332799,6.35661,2.07028,-0.986524,-25.9507,9.12951,0,0,1,0,0.156922,0,-0.194108,-0.0939327,0.413337,-0.0141172,-128.74,566.501,-19.3484,0,0,0,0,0,0,0,0,0,0.000211855,0.0314296,4.47159
0.09,0.0522151,-0.0545921,0.018492,-0.018335,0.935087,-0.24817,0.446631,0.0656988,-0.12473,0.383898,0.0163954,-0.206135,-0.0153116,-0.214313,-0.128493,-0.124814,0.725542,-0.134933,-0.125321,-0.0186489,-0.145946,0.0909784,-0.0952597,-0.25162,-0.118462,-0.350403,0.527053,2.05711,0.175738,-0.138711,0.0492348,1.00315,1.76311,-0.432369,-1.25988,-0.44819,1.48039,0.100546,0.198791,0.00504037,1.60762,0.431937,2.13799,1.12175,-1.33501,-0.000313124,3.92874,-1.94241,0.52762,6.78707,-6.82265,-3.31751,0.000765633,0.595091,1.37432,0.731383,0.401867,-0.352167,0.0221534,0.434951,0.0405833,-1.74314,0.831895,-1.10326,-1.49092,0.58536,-1.7287,0.508368,2.90839,0.185233,-0.178341,-0.0476068,-31.0337,-36.8534,8.88591,-40.9635,7.80299,-0.2467,-0.00625729,20.5571,5.80194,-2.64547,-5.26222,1.60676,-0.146571,-0.0290368,10.7343,-11.1874,6.84068,0.904483,-2.09067,-0.204585,1.65783,-0.0391872,-2.66606,-1.607,-0.192294,0.216108,-0.00601457,1.47853,7.54463,4.88758,-3.85606,0.0877377,-1.02586,-25.2218,-7.4333,-11.3513,-42.5762,31.7237,38.4212,-3.54585e-06,30.7725,15.6123,25.8291,3.00592,60.2521,9.1282,1.55491e-05,-8.13196,-8.91251,-1.31116,9.04617,-2.30722,12.7622,13.0843,-0.646955,9.05965,-0.0863565,2.93532,-27.3283,6.3303,0,0,1,0,0.160101,0,-0.193706,-0.117573,0.524867,-0.0208012,-133.796,597.292,-23.6716,0,0,0,0,0,0,0,0,0,0.000210992,0.0314249,3.43132
0.1,0.0480392,-0.0664364,0.0144989,-0.00391674,0.936101,-0.246285,0.444159,0.0810317,-0.121546,0.40102,0.0307853,-0.215643,-0.0153147,-0.171949,-0.146356,-0.116955,0.793713,-0.197134,-0.157583,-0.0186413,-0.140808,0.10383,-0.088077,-0.246697,-0.122214,-0.348905,0.532711,2.05745,0.159212,-0.1304,0.0384958,0.98551,1.7696,-0.417583,-1.18443,-0.399314,1.44183,0.101423,0.188533,-0.247178,1.53328,0.318424,1.71222,1.43899,-0.950798,-0.000313159,4.23646,-1.78628,0.785911,6.81712,-6.22012,-3.22623,0.000765788,0.513772,1.2852,0.718271,0.492329,-0.375239,0.149775,0.565793,0.0341137,-1.65255,0.831032,-1.0739,-1.7642,0.648663,-0.430061,-0.143011,4.66233,0.171934,-0.210041,-0.283764,-26.1443,-41.6593,10.1153,-47.1935,6.50391,-0.359146,-0.00518084,18.3904,6.18183,-3.18919,-5.7234,2.1189,-0.164193,-0.0336535,10.3693,-11.3121,6.67644,0.804596,-2.20556,-0.200601,1.64813,-0.0356126,-2.27428,-1.60464,-0.169735,0.388679,-0.00931761,2.39263,11.749,7.70276,-3.73412,0.485144,-1.4099,-25.9393,-13.4436,-12.3526,-43.8851,22.1891,38.4157,-2.9268e-06,23.5384,23.6608,26.437,-12.8394,97.2295,20.7791,1.87333e-05,-8.46627,-13.464,-4.09998,9.30762,-2.47321,15.5782,10.9149,-0.779674,10.9705,-2.52147,6.71764,-27.8381,2.77674,0,0,1,0,0.16292,0,-0.193382,-0.13919,0.635157,-0.0278747,-136.727,623.92,-27.3816,0,0,0,0,0,0,0,0,0,0.00021003,0.0312463,4.70073
0.11,0.0441027,-0.0771058,0.011276,0.0101281,0.937164,-0.24454,0.439093,0.0950202,-0.119597,0.413754,0.0473941,-0.221309,-0.0153179,-0.12723,-0.161853,-0.106452,0.860601,-0.249613,-0.187767,-0.0186336,-0.136517,0.115336,-0.0813043,-0.240843,-0.126214,-0.34585,0.539461,2.05771,0.143784,-0.122342,0.0284285,0.965084,1.77636,-0.393657,-1.06694,-0.322287,1.40449,0.106275,0.174434,-0.50657,1.39885,0.194898,1.27337,1.66088,-0.566641,-0.000313188,4.47184,-1.54968,1.05028,6.68873,-5.24783,-3.01844,0.000765976,0.429109,1.15056,0.677271,0.585405,-0.399971,0.305557,0.674942,0.026317,-1.54284,0.805817,-1.00673,-2.04259,0.67643,0.876104,-0.373971,5.84178,0.453518,-0.576421,-0.240659,-21.2033,-46.3145,11.1624,-52.2139,5.04352,-0.409383,-0.00421607,16.0782,5.78575,-3.45399,-6.24605,2.51456,-0.177828,-0.0363072,10.0706,-11.278,6.29551,0.638959,-2.26066,-0.191825,1.60184,-0.0313781,-1.96392,-1.58332,-0.137543,0.544672,-0.0125099,3.19459,15.8134,10.1756,-3.53483,0.786106,-1.71257,-24.8826,-19.6218,-13.7455,-41.5539,14.5825,38.2022,-2.51994e-06,16.1792,31.3128,25.4199,-27.9082,126.683,29.9878,2.12082e-05,-8.35425,-17.957,-6.91103,9.57911,-2.51994,18.0372,8.11308,-0.774909,11.8777,-4.99695,9.84168,-27.3234,-0.977618,0,0,1,0,0.165433,0,-0.193123,-0.156837,0.736395,-0.0346427,-137.546,645.817,-30.3816,0,0,0,0,0,0,0,0,0,0.000209356,0.0309621,5.96906
0.12,0.0404856,-0.0861939,0.00907071,0.0238196,0.938305,-0.242967,0.43154,0.107046,-0.119022,0.422332,0.0654612,-0.223155,-0.015321,-0.080894,-0.174218,-0.0934074,0.924697,-0.289423,-0.214953,-0.018626,-0.133061,0.125046,-0.0752227,-0.234031,-0.130465,-0.34099,0.547021,2.0579,0.129543,-0.114784,0.0193454,0.941926,1.78303,-0.361711,-0.908806,-0.22053,1.36914,0.114136,0.157308,-0.755396,1.20263,0.0574433,0.857835,1.80671,-0.184619,-0.000313213,4.63364,-1.23655,1.30448,6.40965,-3.981,-2.71856,0.000766188,0.345566,0.970989,0.608161,0.681196,-0.425171,0.485929,0.756073,0.0185679,-1.42406,0.755848,-0.908309,-2.31582,0.666654,2.33046,-0.309303,6.27469,0.325024,-0.50885,-0.0439486,-16.5109,-50.5921,12.005,-55.9412,3.48902,-0.385501,-0.00342272,13.8794,4.6804,-3.39,-6.78464,2.74671,-0.185827,-0.0367919,9.99356,-11.0935,5.71485,0.417275,-2.23859,-0.177663,1.5263,-0.0271245,-1.751,-1.57285,-0.111738,0.679351,-0.0156217,3.76088,19.1073,11.8989,-3.28439,1.00181,-1.88984,-22.5445,-24.8183,-14.8949,-36.7523,8.65858,37.2415,-2.23168e-06,9.11581,37.3859,22.3994,-41.2965,144.154,36.2787,2.34062e-05,-7.80863,-21.6799,-9.32805,9.82673,-2.44747,19.827,5.01793,-0.685933,11.7142,-7.2419,11.874,-25.7275,-4.32676,0,0,1,0,0.167696,0,-0.192911,-0.168967,0.821051,-0.040443,-136.346,662.541,-32.6352,0,0,0,0,0,0,0,0,0,0.000208616,0.030625,6.72792
0.13,0.0372445,-0.0933712,0.00805529,0.0371825,0.939546,-0.241583,0.421731,0.116591,-0.119937,0.427235,0.0843941,-0.221277,-0.0153241,-0.033646,-0.182845,-0.0781227,0.984664,-0.314817,-0.238511,-0.0186183,-0.130386,0.132588,-0.0700739,-0.226236,-0.134962,-0.334148,0.555084,2.05801,0.116474,-0.107949,0.0114497,0.916195,1.78926,-0.324102,-0.717732,-0.101542,1.3363,0.124154,0.13841,-0.980841,0.954448,-0.0915057,0.490311,1.89329,0.187796,-0.000313236,4.7248,-0.862689,1.52847,5.99668,-2.53946,-2.35577,0.000766422,0.26748,0.75419,0.514881,0.779464,-0.449645,0.684199,0.806252,0.0117086,-1.30692,0.683429,-0.789569,-2.57309,0.623387,4.10098,-0.163933,5.942,0.333721,-0.289505,-0.0343956,-12.2715,-54.2347,12.629,-58.4208,1.88978,-0.290765,-0.00282685,12.0269,3.11341,-3.03464,-7.26791,2.79179,-0.186241,-0.0352219,10.1869,-10.7925,4.9867,0.186313,-2.12971,-0.157587,1.43971,-0.0236985,-1.6226,-1.60099,-0.10657,0.790777,-0.0187432,4.02519,21.1381,12.5023,-2.98622,1.1324,-1.91841,-19.5702,-28.0499,-15.1282,-30.8988,3.936,35.0825,-1.99217e-06,2.5581,40.9555,17.3435,-52.4918,147.164,39.6318,2.60314e-05,-6.92704,-24.0611,-10.9092,9.98077,-2.27247,20.6817,2.04826,-0.558342,10.549,-9.01402,12.5637,-23.0801,-6.77445,0,0,1,0,0.169771,0,-0.192726,-0.174666,0.882859,-0.044761,-133.304,673.793,-34.1613,0,0,0,0,0,0,0,0,0,0.000207113,0.0302731,7.23524
0.14,0.034406,-0.0984347,0.0082901,0.0502469,0.940901,-0.240391,0.409966,0.12333,-0.122365,0.429048,0.103721,-0.215891,-0.0153273,0.0138577,-0.187376,-0.0611036,1.03938,-0.325495,-0.258105,-0.0186106,-0.128404,0.137724,-0.066016,-0.217444,-0.139685,-0.325238,0.563351,2.05808,0.10446,-0.102016,0.00481039,0.888156,1.79482,-0.283851,-0.506351,0.0234812,1.30643,0.135478,0.119226,-1.17654,0.673949,-0.242787,0.181323,1.93265,0.538621,-0.000313256,4.75038,-0.453134,1.70191,5.47177,-1.06782,-1.95945,0.000766682,0.19821,0.513579,0.405789,0.879271,-0.47237,0.891016,0.826735,0.00612516,-1.20143,0.593288,-0.663932,-2.80389,0.555642,6.34646,-0.0943723,4.98325,0.0974018,0.0320573,0.16828,-8.60189,-57.032,13.0274,-59.7779,0.279876,-0.142955,-0.00242998,10.5911,1.43252,-2.49428,-7.59761,2.6544,-0.177446,-0.0319637,10.8003,-10.3193,4.17119,-0.0211338,-1.94926,-0.134602,1.35753,-0.0217902,-1.5594,-1.66828,-0.124772,0.882531,-0.0219093,4.00975,21.6513,11.7323,-2.65406,1.18619,-1.78531,-16.5984,-28.719,-13.881,-25.2959,-0.0899432,31.4577,-1.87686e-06,-3.4608,41.5178,10.5642,-61.3162,135.874,40.4032,2.90099e-05,-5.86764,-24.7823,-11.2952,9.96085,-2.0214,20.4275,-0.393035,-0.420777,8.55913,-10.1498,11.8861,-19.4768,-8.05334,0,0,1,0,0.171723,0,-0.192544,-0.173762,0.917643,-0.0472966,-128.658,679.444,-35.0194,0,0,0,0,0,0,0,0,0,0.000204395,0.0299317,8.07205
0.15,0.0319685,-0.101333,0.00969814,0.0630458,0.942375,-0.239377,0.39654,0.127198,-0.126181,0.428332,0.123038,-0.207359,-0.0153304,0.0610154,-0.187756,-0.0430281,1.08797,-0.322586,-0.273659,-0.018603,-0.127009,0.140381,-0.0630876,-0.207655,-0.144611,-0.314285,0.571579,2.05809,0.0933014,-0.0970985,-0.000640321,0.858169,1.79957,-0.243753,-0.289839,0.140804,1.27989,0.14734,0.101373,-1.34253,0.386759,-0.381597,-0.0716361,1.93175,0.853198,-0.000313274,4.71577,-0.0379558,1.80755,4.8586,0.290928,-1.55542,0.000766972,0.139533,0.265756,0.292837,0.97888,-0.492584,1.09529,0.822804,0.00191739,-1.11584,0.49179,-0.545072,-2.99866,0.475109,9.05019,-0.220441,3.5316,-0.143242,0.236658,0.0299888,-5.50103,-58.8105,13.1936,-60.1726,-1.32124,0.0357125,-0.00221044,9.53831,-0.0825053,-1.89111,-7.69503,2.3673,-0.159593,-0.0275541,11.8253,-9.71216,3.30415,-0.177079,-1.70653,-0.110378,1.29259,-0.0218277,-1.52163,-1.77143,-0.164159,0.961858,-0.0252443,3.81549,20.6559,9.51771,-2.29081,1.17068,-1.5137,-14.1284,-26.7201,-10.8474,-20.8581,-3.78382,26.3547,-1.94216e-06,-9.00347,39.0363,2.64625,-67.8201,113.044,39.1826,3.13263e-05,-4.82197,-23.8211,-10.307,9.70858,-1.72084,19.0072,-2.00859,-0.282495,5.99168,-10.5925,10.0305,-15.0587,-8.18771,0,0,1,0,0.173615,0,-0.192343,-0.166733,0.923521,-0.0479656,-122.691,679.572,-35.2954,0,0,0,0,0,0,0,0,0,0.000200585,0.0297351,9.72133
0.16,0.0299125,-0.102166,0.012058,0.0756157,0.943965,-0.238515,0.381702,0.128394,-0.131082,0.42553,0.141977,-0.196192,-0.0153335,0.107273,-0.184232,-0.024688,1.12977,-0.308372,-0.285295,-0.0185953,-0.126096,0.140657,-0.06119,-0.196895,-0.149709,-0.301432,0.579606,2.05809,0.0827421,-0.0932399,-0.00508799,0.826677,1.8035,-0.205598,-0.08328,0.235981,1.25699,0.159047,0.0862356,-1.48381,0.119558,-0.490071,-0.280217,1.89392,1.11675,-0.000313294,4.62573,0.352408,1.83401,4.1804,1.42137,-1.1636,0.000767286,0.0913135,0.027545,0.189767,1.07597,-0.509792,1.28536,0.802719,-0.000907554,-1.05592,0.385865,-0.444767,-3.14925,0.393231,11.7785,-0.582208,1.83085,-0.301056,0.198651,-0.0380558,-2.95697,-59.5454,13.1324,-59.7368,-2.90012,0.224636,-0.0021284,8.71151,-1.21356,-1.34179,-7.50902,1.98329,-0.134341,-0.0226003,13.0372,-8.9398,2.40397,-0.274748,-1.43192,-0.0896494,1.24923,-0.0238847,-1.47084,-1.88266,-0.213339,1.03543,-0.028639,3.55074,18.3882,6.01544,-1.90604,1.09165,-1.13141,-12.4141,-22.4377,-6.11471,-17.9691,-7.26562,20.0926,-2.09012e-06,-14.1187,33.8957,-5.65455,-72.1776,83.2852,36.6157,3.26108e-05,-3.9588,-21.4138,-8.00633,9.20929,-1.3923,16.4923,-2.66658,-0.136541,3.1205,-10.3901,7.33141,-10.0149,-7.36855,0,0,1,0,0.175508,0,-0.192098,-0.154521,0.900728,-0.046857,-115.708,674.481,-35.0873,0,0,0,0,0,0,0,0,0,0.000196201,0.0300672,11.9396
0.17,0.0282116,-0.10116,0.0150193,0.0879949,0.945665,-0.237766,0.365623,0.127345,-0.136594,0.420931,0.16019,-0.183015,-0.0153367,0.152118,-0.177318,-0.0069133,1.16436,-0.28583,-0.29327,-0.0185876,-0.125579,0.138791,-0.0600929,-0.185215,-0.154946,-0.286929,0.587367,2.05806,0.0724949,-0.0904202,-0.00880252,0.794183,1.8067,-0.170091,0.100602,0.296135,1.23793,0.169963,0.0749214,-1.60795,-0.104819,-0.551218,-0.459908,1.82126,1.31767,-0.000313315,4.48455,0.691365,1.77747,3.45863,2.25422,-0.797439,0.000767612,0.0517255,-0.186593,0.109704,1.16806,-0.523715,1.45029,0.776053,-0.00227296,-1.02472,0.281964,-0.371453,-3.2494,0.319546,13.8345,-1.15603,0.110495,-0.278561,0.317446,-0.0192857,-0.947679,-59.3006,12.8532,-58.5589,-4.44667,0.408812,-0.00213979,7.92339,-1.88766,-0.920169,-7.03742,1.56437,-0.105189,-0.0177007,14.0576,-8.02697,1.48312,-0.322944,-1.15213,-0.0758735,1.22511,-0.027663,-1.37951,-1.98075,-0.261693,1.10657,-0.0318847,3.30216,15.2356,1.60033,-1.51561,0.959668,-0.686054,-11.4483,-16.6286,-0.203419,-16.4993,-10.4038,13.3205,-2.25462e-06,-18.7879,26.7815,-13.5368,-74.6297,51.8912,33.2828,3.32885e-05,-3.38718,-17.9702,-4.69212,8.49993,-1.04764,13.0707,-2.4131,0.0328813,0.210658,-9.67375,4.18865,-4.58037,-5.86697,0,0,1,0,0.177455,0,-0.191794,-0.138304,0.851101,-0.0441633,-108.011,664.682,-34.4901,0,0,0,0,0,0,0,0,0,0.000191775,0.0301298,13.8895
0.18,0.0268409,-0.0986303,0.0181407,0.100223,0.94746,-0.237085,0.348398,0.124634,-0.142126,0.414682,0.177362,-0.168506,-0.0153398,0.195085,-0.167726,0.00950769,1.19148,-0.258099,-0.297916,-0.0185799,-0.1254,0.135128,-0.0594651,-0.172684,-0.160288,-0.271119,0.594886,2.05804,0.0622688,-0.088568,-0.0120982,0.761231,1.80931,-0.137069,0.252958,0.312139,1.22277,0.17956,0.0680609,-1.72243,-0.271105,-0.553253,-0.624901,1.71722,1.45088,-0.000313337,4.29667,0.95918,1.6421,2.71233,2.77313,-0.464611,0.000767945,0.0178537,-0.366295,0.0627828,1.25306,-0.534192,1.58099,0.751922,-0.00194415,-1.02261,0.185226,-0.329566,-3.2952,0.260876,14.751,-1.86825,-1.46281,-0.282088,0.385484,-0.0352595,0.569563,-58.217,12.369,-56.7045,-5.95278,0.585256,-0.00220311,7.04993,-2.14971,-0.652542,-6.34281,1.16904,-0.0766449,-0.0133679,14.5783,-7.02475,0.561423,-0.339459,-0.888729,-0.0707642,1.21272,-0.0325751,-1.2432,-2.05287,-0.301328,1.17204,-0.0346458,3.12457,11.6395,-3.1974,-1.14521,0.773722,-0.232581,-11.0053,-10.2428,6.00371,-15.9421,-12.8833,6.93026,-2.40371e-06,-22.9113,18.5334,-20.2739,-75.4574,23.5888,29.6005,3.37413e-05,-3.12796,-13.9685,-0.842956,7.65714,-0.688922,9.01951,-1.44112,0.240213,-2.50666,-8.62096,0.994564,0.9674,-3.97165,0,0,1,0,0.1795,0,-0.191414,-0.119287,0.77734,-0.0401171,-99.8787,650.863,-33.5898,0,0,0,0,0,0,0,0,0,0.000187654,0.0299411,14.9483
0.19,0.0257827,-0.0949368,0.0209423,0.112336,0.949333,-0.236428,0.330074,0.120899,-0.147059,0.406839,0.193246,-0.153304,-0.0153429,0.23576,-0.156281,0.0239013,1.21106,-0.228009,-0.299602,-0.0185722,-0.125534,0.130068,-0.0589216,-0.159388,-0.165699,-0.254407,0.602261,2.05805,0.051792,-0.0875778,-0.0152944,0.728376,1.81152,-0.105823,0.369353,0.280165,1.21132,0.187297,0.0657351,-1.83249,-0.373533,-0.493215,-0.784322,1.58839,1.52018,-0.000313361,4.06756,1.14451,1.43936,1.95776,3.00902,-0.168606,0.000768282,-0.0134259,-0.50598,0.0543532,1.32963,-0.541081,1.67119,0.737511,0.000457983,-1.04768,0.0990166,-0.319621,-3.28553,0.22116,14.4055,-2.60978,-2.76487,-0.212857,0.202116,0.0312257,1.69846,-56.4915,11.7002,-54.2463,-7.4162,0.759067,-0.00228629,6.07542,-2.109,-0.526539,-5.528,0.840875,-0.0531459,-0.00996282,14.4125,-5.97678,-0.325133,-0.335117,-0.662525,-0.0752747,1.20583,-0.0380454,-1.06551,-2.09214,-0.328141,1.22833,-0.0367928,3.0368,8.00409,-7.79207,-0.817475,0.533095,0.182037,-10.7455,-4.20203,11.4929,-15.6293,-14.3808,1.77137,-2.51674e-06,-26.3514,9.99755,-25.3216,-74.9719,1.55948,25.7343,3.40704e-05,-3.12985,-9.85811,2.99169,6.77199,-0.306324,4.64395,-0.0242415,0.486975,-4.84397,-7.41624,-1.90801,6.32919,-2.04239,0,0,1,0,0.181677,0,-0.190947,-0.0985795,0.682484,-0.034954,-91.5528,633.836,-32.4625,0,0,0,0,0,0,0,0,0,0.00018405,0.0295302,14.9017
0.2,0.0250281,-0.0904428,0.0229648,0.124367,0.95126,-0.235752,0.310674,0.116744,-0.150841,0.397432,0.207692,-0.137925,-0.0153461,0.273801,-0.143836,0.0357627,1.22314,-0.197762,-0.298715,-0.0185646,-0.125982,0.124022,-0.0580789,-0.145414,-0.171141,-0.237231,0.609634,2.0581,0.0408309,-0.0873293,-0.0186814,0.696153,1.81353,-0.0754555,0.449394,0.202244,1.20314,0.192628,0.0675555,-1.93994,-0.415554,-0.378286,-0.940615,1.44458,1.53789,-0.000313387,3.80404,1.24449,1.18614,1.20804,3.02462,0.0887374,0.000768623,-0.0447244,-0.604561,0.0842701,1.39735,-0.544144,1.71763,0.737268,0.00532773,-1.09612,0.0248542,-0.338701,-3.22224,0.200736,13.0216,-3.25555,-3.72802,-0.0475041,-0.0416404,0.199802,2.58866,-54.3293,10.8728,-51.282,-8.83841,0.941954,-0.00237201,5.05808,-1.91006,-0.500427,-4.69771,0.602007,-0.0380867,-0.0076465,13.5753,-4.93944,-1.13116,-0.31734,-0.487826,-0.0888931,1.19999,-0.0435402,-0.857687,-2.10193,-0.342545,1.27268,-0.0384103,3.00806,4.63937,-11.6418,-0.552859,0.243696,0.519222,-10.3017,0.755165,15.3069,-14.918,-14.6307,-1.45416,-5.72758e-06,-28.9643,1.9177,-28.3784,-73.4887,-12.9725,21.6199,4.19471e-05,-3.27484,-5.99446,6.29251,5.92365,0.107484,0.265808,1.54098,0.750623,-6.66906,-6.21336,-4.2759,11.2022,-0.416067,0,0,1,0,0.184008,0,-0.190387,-0.0771304,0.569404,-0.028889,-83.2368,614.484,-31.1762,0,0,0,0,0,0,0,0,0,0.000181125,0.0289407,13.9321
0.21,0.0245744,-0.085485,0.023823,0.136343,0.95321,-0.235025,0.290245,0.112663,-0.153094,0.386534,0.220675,-0.122692,-0.0153492,0.308945,-0.1312,0.0447863,1.22787,-0.168814,-0.295665,-0.0185569,-0.126756,0.117377,-0.0566069,-0.130848,-0.176571,-0.220028,0.617161,2.05823,0.0292028,-0.087702,-0.022496,0.665051,1.81549,-0.0453749,0.495787,0.0858263,1.19761,0.195065,0.0727477,-2.04296,-0.408002,-0.225218,-1.0898,1.29827,1.52335,-0.000313444,3.5144,1.26367,0.90236,0.47315,2.89489,0.304937,0.000769042,-0.0774727,-0.664505,0.147195,1.45659,-0.543069,1.72028,0.752678,0.012834,-1.16281,-0.0372795,-0.38146,-3.11021,0.196575,11.0746,-3.67724,-4.33526,-0.0273194,-0.270555,0.234013,3.3849,-51.9135,9.92269,-47.9329,-10.2287,1.14859,-0.00245367,4.08377,-1.7013,-0.518354,-3.93342,0.452515,-0.0331974,-0.00637362,12.265,-3.97494,-1.8119,-0.292952,-0.367233,-0.10908,1.19152,-0.0485731,-0.636779,-2.09419,-0.348278,1.30233,-0.0397026,2.97233,1.73747,-14.3376,-0.367971,-0.0884689,0.749902,-9.37654,4.18773,16.7762,-13.3507,-13.517,-2.37193,-6.6451e-06,-30.6478,-5.1384,-29.4084,-71.3021,-20.6079,17.0365,4.14495e-05,-3.4157,-2.60613,8.66531,5.1617,0.549588,-3.80707,2.98762,0.975333,-7.90722,-5.10967,-6.00054,15.3132,0.674839,0,0,1,0,0.186514,0,-0.189728,-0.0557263,0.440538,-0.0221065,-75.1013,593.704,-29.7925,0,0,0,0,0,0,0,0,0,0.000178979,0.028227,12.4536
0.22,0.0244179,-0.0803533,0.0232476,0.148283,0.955152,-0.234222,0.268877,0.109002,-0.153668,0.374301,0.232306,-0.107696,-0.0153523,0.341024,-0.119077,0.0508691,1.22547,-0.141925,-0.290912,-0.0185492,-0.127873,0.110472,-0.0542684,-0.115766,-0.181947,-0.203206,0.624986,2.05846,0.016784,-0.0885858,-0.0269106,0.63548,1.81752,-0.0156516,0.513162,-0.0575495,1.19393,0.19418,0.0802467,-2.13672,-0.366125,-0.0574558,-1.2233,1.1631,1.49963,-0.00031351,3.20792,1.21228,0.608276,-0.239871,2.68881,0.475302,0.000769457,-0.11163,-0.690567,0.233848,1.5082,-0.537574,1.68221,0.782554,0.0225873,-1.24188,-0.0883762,-0.441465,-2.95708,0.203324,9.07012,-3.78261,-4.56339,0.0139378,-0.280721,0.317844,4.21786,-49.4338,8.90139,-44.3482,-11.5981,1.39007,-0.00252986,3.24761,-1.57813,-0.535807,-3.27855,0.375485,-0.0382915,-0.00594309,10.7195,-3.0861,-2.33279,-0.260505,-0.302383,-0.133408,1.17988,-0.0528434,-0.409073,-2.07483,-0.349119,1.31954,-0.0409859,2.85219,-0.62488,-15.6653,-0.261873,-0.452108,0.866434,-7.80702,5.99006,15.6811,-10.7405,-11.1218,-1.04159,-7.52734e-06,-31.3787,-10.8138,-28.6264,-68.6596,-23.2149,11.7532,4.07947e-05,-3.41664,0.206798,9.90248,4.50086,0.999721,-7.29859,4.11421,1.07584,-8.54252,-4.13662,-7.12362,18.4654,1.15548,0,0,1,0,0.189209,0,-0.18897,-0.0350204,0.297888,-0.0147642,-67.2897,572.374,-28.3685,0,0,0,0,0,0,0,0,0,0.000177581,0.0274373,10.8434
0.23,0.0245466,-0.0752842,0.0211055,0.160196,0.957049,-0.233333,0.246729,0.10594,-0.152675,0.360994,0.242824,-0.0928034,-0.0153555,0.369965,-0.108035,0.0540892,1.21621,-0.117359,-0.284984,-0.0185415,-0.129331,0.103587,-0.0509397,-0.100234,-0.187223,-0.187113,0.633223,2.05879,0.00351091,-0.0898832,-0.0320377,0.607756,1.81967,0.0128704,0.506913,-0.214203,1.19132,0.189659,0.088911,-2.21479,-0.306224,0.0993555,-1.33071,1.05188,1.48922,-0.000313586,2.89413,1.10415,0.322012,-0.926467,2.45666,0.592834,0.000769865,-0.145796,-0.688499,0.332873,1.55321,-0.527576,1.60923,0.823696,0.0333457,-1.32731,-0.129742,-0.512701,-2.77243,0.214878,7.40093,-3.56675,-4.43663,-0.199305,-0.150704,0.22231,5.12457,-47.0389,7.87081,-40.6717,-12.9619,1.67281,-0.00260127,2.5935,-1.59811,-0.524446,-2.73486,0.344664,-0.051586,-0.00605964,9.20157,-2.30168,-2.68404,-0.227256,-0.280803,-0.157402,1.16268,-0.0560396,-0.18349,-2.05114,-0.34889,1.32644,-0.0425138,2.5825,-2.45917,-15.6222,-0.229377,-0.836722,0.868417,-5.59336,6.35441,12.3,-7.18068,-7.72693,2.04288,-8.35813e-06,-31.2212,-14.9587,-26.4428,-65.742,-23.1816,5.69866,4.01928e-05,-3.186,2.44707,9.9954,3.92796,1.42045,-9.97687,4.79877,0.953749,-8.61503,-3.2675,-7.82707,20.5778,1.11579,0,0,1,0,0.192104,0,-0.188115,-0.015551,0.143085,-0.00699651,-59.9192,551.315,-26.958,0,0,0,0,0,0,0,0,0,0.000176771,0.0269956,9.34297
0.24,0.0249335,-0.070461,0.0174013,0.172086,0.958862,-0.232357,0.224022,0.103513,-0.150451,0.346969,0.252571,-0.077707,-0.0153586,0.395785,-0.0984899,0.0546651,1.20037,-0.0951103,-0.278486,-0.0185338,-0.131107,0.0969463,-0.0466114,-0.0843092,-0.192356,-0.172019,0.64194,2.05922,-0.0106237,-0.0915074,-0.0379474,0.58209,1.82193,0.0386953,0.482322,-0.370424,1.18902,0.181292,0.0975952,-2.27073,-0.24268,0.222356,-1.40251,0.974615,1.50964,-0.000313669,2.58192,0.954559,0.0575841,-1.58389,2.22485,0.649821,0.000770267,-0.177656,-0.664028,0.432827,1.59249,-0.513372,1.50946,0.871684,0.0428832,-1.41346,-0.162417,-0.590972,-2.56665,0.226036,6.23366,-3.09812,-3.97054,-0.273308,-0.131379,0.202491,6.09368,-44.8683,6.89677,-37.0401,-14.338,1.9937,-0.00266642,2.14593,-1.74147,-0.487923,-2.27835,0.33326,-0.0700714,-0.00642372,7.83344,-1.59679,-2.87744,-0.192471,-0.292436,-0.177486,1.13978,-0.0580217,0.0461071,-2.01602,-0.348753,1.33001,-0.0445194,2.13027,-3.82893,-14.391,-0.246119,-1.23132,0.774339,-2.8856,5.67293,7.3233,-2.98654,-3.76321,6.07507,-9.09501e-06,-30.3153,-17.5969,-23.3862,-62.6562,-22.7019,-0.893003,3.98286e-05,-2.69545,4.18287,9.10389,3.41634,1.7615,-11.6588,4.9972,0.506109,-8.21404,-2.43769,-8.39107,21.7063,0.764594,0,0,1,0,0.195205,0,-0.187172,0.0022424,-0.0224438,0.00108197,-53.08,531.269,-25.6114,0,0,0,0,0,0,0,0,0,0.000176344,0.0266458,8.02216
0.25,0.0255335,-0.0660207,0.0122579,0.183952,0.960551,-0.231304,0.201026,0.101654,-0.147495,0.332645,0.26194,-0.062003,-0.0153617,0.418572,-0.090704,0.0529023,1.17826,-0.075132,-0.272077,-0.0185261,-0.133153,0.0907243,-0.0413728,-0.0680427,-0.197314,-0.15809,0.651157,2.0597,-0.0255796,-0.0933753,-0.0446962,0.558594,1.82427,0.059998,0.444032,-0.514334,1.18656,0.168979,0.105339,-2.29958,-0.185951,0.295589,-1.43238,0.936983,1.5704,-0.00031376,2.27877,0.77859,-0.176278,-2.21045,1.99783,0.640891,0.000770665,-0.204611,-0.622199,0.523866,1.62665,-0.495757,1.39287,0.921656,0.0479442,-1.4956,-0.186794,-0.674883,-2.34959,0.233682,5.53105,-2.53312,-3.251,-0.544504,0.0665608,-0.122845,7.04489,-42.9848,6.03263,-33.5596,-15.7448,2.3413,-0.0027276,1.87081,-1.96305,-0.446768,-1.86026,0.320533,-0.0903492,-0.00679152,6.72415,-1.02408,-2.95253,-0.169808,-0.317254,-0.188717,1.10923,-0.0586509,0.276134,-1.96563,-0.349152,1.33532,-0.0471015,1.50361,-4.81516,-12.2837,-0.29503,-1.61449,0.600746,0.0623137,4.41277,1.66495,1.40514,0.270466,10.1344,-9.7756e-06,-28.8506,-18.8727,-20.0134,-59.4404,-23.2593,-7.41171,3.98339e-05,-1.97704,5.50349,7.49367,2.94206,1.97079,-12.218,4.72813,-0.362408,-7.46468,-1.57268,-9.12099,22.0306,0.342312,0,0,1,0,0.198514,0,-0.186154,0.0180148,-0.197279,0.00937565,-46.8343,512.88,-24.3745,0,0,0,0,0,0,0,0,0,0.000176163,0.0263304,6.92057
0.26,0.0262838,-0.0620619,0.00588623,0.195788,0.96208,-0.23019,0.178037,0.100235,-0.144373,0.318462,0.271337,-0.0452857,-0.0153649,0.438475,-0.0848053,0.0491382,1.15022,-0.0574796,-0.266409,-0.0185184,-0.135397,0.0850526,-0.0353847,-0.0514819,-0.202075,-0.145383,0.660846,2.06014,-0.0412821,-0.0954006,-0.0523571,0.537301,1.82664,0.0750341,0.395881,-0.637171,1.18361,0.152834,0.111346,-2.29896,-0.141823,0.312238,-1.41833,0.939688,1.67174,-0.000313858,1.99026,0.589863,-0.376412,-2.80485,1.76524,0.566774,0.000771063,-0.224381,-0.567164,0.598803,1.65608,-0.476049,1.27069,0.968937,0.0443202,-1.57024,-0.202521,-0.766093,-2.12928,0.237105,5.17816,-2.0124,-2.3346,-0.534996,0.0845272,-0.176236,7.92647,-41.4361,5.31376,-30.3236,-17.2022,2.69842,-0.0027812,1.74117,-2.1495,-0.443527,-1.44234,0.295948,-0.108884,-0.00702179,5.83306,-0.547508,-2.956,-0.159134,-0.349763,-0.189504,1.07155,-0.0579892,0.515018,-1.87705,-0.346899,1.34968,-0.0502674,0.752491,-5.48972,-9.66721,-0.346746,-1.97485,0.383304,2.95385,2.99885,-3.76645,5.54513,3.90002,13.4017,-1.03669e-05,-27.0363,-18.9931,-16.8254,-56.081,-25.3836,-12.9071,4.00747e-05,-1.11244,6.4882,5.46555,2.49622,2.00852,-11.6027,4.05129,-1.7096,-6.50797,-0.614752,-10.2544,21.807,0.0201782,0,0,1,0,0.202018,0,-0.185079,0.0315279,-0.379958,0.0178137,-41.2133,496.681,-23.2861,0,0,0,0,0,0,0,0,0,0.000176194,0.0260605,6.05292
0.27,0.0271094,-0.058652,-0.0014522,0.207589,0.963411,-0.229038,0.155342,0.0991171,-0.141627,0.304833,0.281124,-0.0272281,-0.015368,0.455674,-0.080806,0.0436915,1.11656,-0.0423656,-0.262032,-0.0185106,-0.137752,0.0800298,-0.0288502,-0.0346716,-0.206634,-0.133837,0.67094,2.06041,-0.0576353,-0.0974872,-0.0610435,0.518189,1.82902,0.082559,0.340984,-0.733843,1.18014,0.133085,0.115179,-2.26942,-0.111834,0.274574,-1.36288,0.978688,1.80576,-0.000313962,1.7199,0.399932,-0.544666,-3.36566,1.5114,0.437703,0.000771464,-0.235505,-0.502282,0.653458,1.68104,-0.455964,1.15466,1.00945,0.0272241,-1.63532,-0.208669,-0.868637,-1.91121,0.237307,5.02142,-1.65433,-1.33505,-0.141165,0.0463817,-0.010773,8.70552,-40.1906,4.74919,-27.3981,-18.7295,3.04364,-0.00282508,1.71199,-2.20918,-0.509385,-0.990349,0.259726,-0.123064,-0.00708253,5.11888,-0.19866,-2.94009,-0.164027,-0.378955,-0.178097,1.02791,-0.0561523,0.760876,-1.73955,-0.339592,1.37609,-0.0539147,-0.0407993,-5.90159,-6.89598,-0.381895,-2.29445,0.147983,5.50815,1.73503,-8.27043,9.06429,6.75778,15.3319,-1.08906e-05,-25.0801,-18.1797,-14.1991,-52.5351,-28.6813,-16.2388,4.02681e-05,-0.211914,7.18551,3.29561,2.0888,1.86263,-9.86303,3.04628,-3.5171,-5.47775,0.456067,-11.8703,21.2959,-0.179988,0,0,1,0,0.205696,0,-0.183975,0.0426697,-0.569188,0.0263643,-36.2154,483.091,-22.3763,0,0,0,0,0,0,0,0,0,0.000176471,0.0258428,5.45491
0.28,0.0279309,-0.0558323,-0.00948023,0.219352,0.964512,-0.227872,0.133199,0.0981723,-0.139708,0.292111,0.291587,-0.00763734,-0.0153712,0.470365,-0.0786247,0.0368249,1.07765,-0.0301198,-0.259279,-0.0185029,-0.140128,0.0757255,-0.021986,-0.0176523,-0.211008,-0.123276,0.68134,2.06033,-0.0745363,-0.0995283,-0.0709169,0.501206,1.83137,0.082151,0.281968,-0.802803,1.17632,0.110141,0.116659,-2.21434,-0.0944842,0.19187,-1.27223,1.04627,1.95908,-0.00031407,1.4691,0.218135,-0.686657,-3.89101,1.22459,0.275314,0.000771867,-0.237624,-0.430427,0.686414,1.70193,-0.437337,1.05603,1.03991,-0.00794682,-1.6901,-0.204108,-0.98734,-1.69825,0.235507,4.95262,-1.51361,-0.386453,-0.106547,-0.10285,0.00451574,9.34935,-39.1742,4.32663,-24.8179,-20.345,3.35666,-0.00285583,1.70001,-2.08891,-0.652382,-0.476174,0.220294,-0.131518,-0.00702851,4.60181,-0.0305577,-2.94921,-0.197085,-0.392334,-0.153272,0.977389,-0.053212,0.990676,-1.55404,-0.325228,1.40857,-0.0577034,-0.774709,-6.07712,-4.26283,-0.40018,-2.56008,-0.0872665,7.49935,0.773082,-11.4772,11.7303,8.63711,15.7471,-1.13742e-05,-23.1781,-16.6393,-12.3464,-48.7533,-32.0842,-16.3204,4.03041e-05,0.603217,7.61244,1.20116,1.74256,1.55932,-7.17726,1.79963,-5.65531,-4.47929,1.61283,-13.8285,20.6857,-0.415889,0,0,1,0,0.209512,0,-0.182871,0.0514399,-0.764062,0.0350386,-31.805,472.415,-21.6642,0,0,0,0,0,0,0,0,0,0.000177055,0.0256802,5.19526
0.29,0.028675,-0.0536204,-0.0179345,0.231076,0.965357,-0.226714,0.111805,0.0973047,-0.138937,0.280562,0.302913,0.0135281,-0.0153743,0.482738,-0.0781073,0.0287237,1.03386,-0.0210823,-0.258158,-0.0184952,-0.142444,0.0721825,-0.0150017,-0.000458805,-0.215225,-0.113434,0.691919,2.05969,-0.0918852,-0.101408,-0.0821732,0.486292,1.83368,0.0744039,0.221196,-0.845431,1.17232,0.0845402,0.115786,-2.13935,-0.0867533,0.0770981,-1.15493,1.13264,2.11655,-0.000314184,1.23732,0.0517411,-0.810121,-4.37855,0.903744,0.11211,0.00077227,-0.231592,-0.354303,0.698426,1.71935,-0.421744,0.984261,1.05791,-0.0644999,-1.73489,-0.18798,-1.12563,-1.49139,0.231348,4.7993,-1.57472,0.43295,0.395031,0.0752846,0.0504755,9.92093,-38.3441,4.02164,-22.6132,-22.0639,3.62027,-0.0028676,1.67799,-1.75862,-0.857803,0.107086,0.190896,-0.134369,-0.00698182,4.13224,-0.0377127,-3.00513,-0.240517,-0.390704,-0.118009,0.927116,-0.0495434,1.19892,-1.32591,-0.302197,1.44333,-0.0613479,-1.34682,-6.03101,-1.97484,-0.382395,-2.75329,-0.301016,8.78135,0.123996,-13.3705,13.4655,9.51011,14.837,-1.18114e-05,-21.5038,-14.5517,-11.2993,-44.697,-34.2297,-12.4103,4.00823e-05,1.21434,7.76664,-0.668506,1.4803,1.16384,-3.85888,0.402461,-7.86553,-3.57307,2.78514,-15.7664,20.0383,-0.989923,0,0,1,0,0.213413,0,-0.181802,0.0578975,-0.96411,0.0438829,-27.9156,464.852,-21.1584,0,0,0,0,0,0,0,0,0,0.000177994,0.0255716,5.08574
0.3,0.0292843,-0.0520115,-0.0265863,0.242761,0.965927,-0.225586,0.0912901,0.0964496,-0.139503,0.270359,0.315191,0.0361773,-0.0153774,0.492961,-0.079045,0.0194926,0.985608,-0.0154679,-0.258278,-0.0184875,-0.144639,0.0694161,-0.00808434,0.0168827,-0.219326,-0.103977,0.702538,2.05826,-0.109591,-0.103009,-0.0950061,0.473382,1.8359,0.0609357,0.160886,-0.865179,1.1685,0.0570072,0.112776,-2.05153,-0.0855134,-0.0566072,-1.02028,1.22774,2.26492,-0.000314302,1.02228,-0.0937756,-0.923114,-4.82552,0.561448,-0.0119936,0.00077267,-0.219449,-0.276637,0.691741,1.73415,-0.410106,0.945672,1.06193,-0.143155,-1.77062,-0.160128,-1.28329,-1.29101,0.221449,4.5531,-1.81514,1.04024,-0.00521361,0.11051,-0.146379,10.4075,-37.675,3.80429,-20.7735,-23.9007,3.82332,-0.00285631,1.52771,-1.26033,-1.07816,0.771562,0.183633,-0.133072,-0.00706147,3.79543,-0.250244,-3.11791,-0.308632,-0.369909,-0.0748586,0.875168,-0.0451996,1.34074,-1.07596,-0.270015,1.46218,-0.0641693,-1.66343,-5.78226,-0.154256,-0.348074,-2.87275,-0.484736,9.29147,-0.299795,-14.2202,14.3322,9.50811,13.0797,-1.22014e-05,-20.1993,-12.0733,-10.9167,-40.3461,-33.8729,-4.37789,3.98248e-05,1.52809,7.6428,-2.22238,1.30733,0.769431,-0.330875,-1.04378,-9.77716,-2.77062,3.87352,-17.1667,19.2778,-2.25307,0,0,1,0,0.217344,0,-0.180799,0.0621008,-1.16929,0.052962,-24.4571,460.499,-20.858,0,0,0,0,0,0,0,0,0,0.000179326,0.0255134,5.0141
0.31,0.0297274,-0.0509809,-0.0352535,0.254411,0.96621,-0.224507,0.0717039,0.0955645,-0.141492,0.261589,0.328419,0.0601344,-0.0153806,0.501164,-0.0811901,0.00916976,0.933318,-0.0132407,-0.258835,-0.0184797,-0.14668,0.067414,-0.00138917,0.034355,-0.22335,-0.0945532,0.713053,2.05585,-0.127575,-0.104223,-0.109556,0.4624,1.83789,0.0443014,0.103064,-0.866722,1.16502,0.0282797,0.107929,-1.95862,-0.0885113,-0.198809,-0.876954,1.32282,2.39571,-0.000314424,0.820286,-0.214509,-1.03228,-5.22898,0.222718,-0.0557725,0.000773069,-0.204168,-0.200209,0.669517,1.74723,-0.402412,0.942364,1.0515,-0.240927,-1.79833,-0.121393,-1.45496,-1.09823,0.198918,4.15973,-2.16221,1.43847,0.10931,0.0700472,-0.0834346,10.9302,-37.2137,3.64604,-19.3063,-25.8691,3.95888,-0.00281881,1.24679,-0.659671,-1.2527,1.49942,0.206929,-0.130246,-0.00737668,3.43016,-0.613725,-3.27456,-0.369334,-0.341873,-0.0312188,0.831259,-0.0406491,1.41888,-0.82433,-0.229401,1.45985,-0.0658302,-1.6582,-5.36177,1.15105,-0.275999,-2.91215,-0.623656,9.05488,-0.633438,-14.4573,14.4964,8.87241,11.1082,-1.24857e-05,-19.3514,-9.34535,-10.9074,-35.6972,-30.2381,7.128,3.94825e-05,1.48663,7.25217,-3.411,1.20088,0.474681,2.93665,-2.42092,-10.98,-2.03944,4.77183,-17.4874,18.233,-4.47022,0,0,1,0,0.221249,0,-0.179889,0.0640525,-1.37981,0.0623408,-21.3244,459.365,-20.7545,0,0,0,0,0,0,0,0,0,0.000181067,0.0255001,4.90628
0.32,0.0300045,-0.0504864,-0.0438057,0.266033,0.966202,-0.22349,0.0530232,0.094616,-0.144925,0.254269,0.342534,0.0852024,-0.0153837,0.507431,-0.0842697,-0.0022438,0.877459,-0.0140373,-0.25868,-0.018472,-0.148573,0.0661372,0.00496491,0.0519474,-0.227327,-0.0848359,0.723326,2.05234,-0.145762,-0.10496,-0.125854,0.453241,1.83943,0.0277194,0.0494462,-0.855211,1.16226,-0.000841783,0.101692,-1.86807,-0.0948457,-0.343382,-0.731989,1.41154,2.5068,-0.000314549,0.626773,-0.307962,-1.14136,-5.58595,-0.0796627,0.0155075,0.000773464,-0.189302,-0.127687,0.635407,1.75924,-0.397665,0.97173,1.02729,-0.350727,-1.81872,-0.0736746,-1.62983,-0.915905,0.154216,3.65549,-2.54442,1.62067,-0.00482828,0.153783,-0.0842897,11.5195,-36.9996,3.52215,-18.1877,-27.9817,4.02457,-0.00276262,0.761725,-0.0944458,-1.30816,2.28942,0.261626,-0.129185,-0.00798168,3.12338,-1.1316,-3.46309,-0.424723,-0.310139,0.00786519,0.797691,-0.0360971,1.41161,-0.604787,-0.18345,1.42573,-0.0658672,-1.30851,-4.81409,1.95051,-0.181088,-2.86773,-0.721412,8.17758,-1.01406,-14.5357,14.1857,7.89112,9.55875,-1.27024e-05,-18.9713,-6.49927,-10.8647,-30.7517,-23.2356,20.6674,3.90415e-05,1.08747,6.6289,-4.21562,1.10783,0.357925,5.51497,-3.59753,-11.1317,-1.32198,5.39055,-16.3251,16.7261,-7.68142,0,0,1,0,0.225081,0,-0.179088,0.0636663,-1.59591,0.072074,-18.4058,461.373,-20.8364,0,0,0,0,0,0,0,0,0,0.000183233,0.0255249,4.74279
0.33,0.0301509,-0.0504734,-0.0521627,0.277638,0.965907,-0.222545,0.0351603,0.0935662,-0.149813,0.248368,0.357439,0.111226,-0.0153869,0.511802,-0.0879993,-0.0147438,0.818524,-0.0171575,-0.256459,-0.0184643,-0.150358,0.0655232,0.0108974,0.0696505,-0.231268,-0.0745671,0.733239,2.04772,-0.164081,-0.105158,-0.143785,0.445754,1.8402,0.0146344,0.00130526,-0.835706,1.16045,-0.0295191,0.0944781,-1.78629,-0.104986,-0.488739,-0.590132,1.49045,2.60238,-0.000314676,0.43706,-0.372955,-1.25,-5.89347,-0.312019,0.222182,0.000773854,-0.178427,-0.0613979,0.593251,1.77031,-0.394085,1.02688,0.991312,-0.462044,-1.83194,-0.0197691,-1.79308,-0.748644,0.077402,3.07636,-2.87058,1.63681,-0.120456,0.167688,-0.0953892,12.239,-37.0973,3.41571,-17.402,-30.2496,4.01875,-0.00269672,0.0388272,0.303943,-1.19136,3.13065,0.340661,-0.132765,-0.00887792,2.86866,-1.75116,-3.66861,-0.464151,-0.28463,0.0366374,0.77824,-0.0318596,1.33212,-0.441046,-0.135883,1.36208,-0.0641281,-0.649411,-4.18887,2.29747,-0.0650275,-2.74762,-0.780793,6.83899,-1.5538,-14.8198,13.6452,6.83999,8.94282,-1.28278e-05,-18.9762,-3.65399,-10.3183,-25.5006,-13.5071,34.1767,3.84931e-05,0.383612,5.82885,-4.64348,0.954776,0.454745,7.10306,-4.44537,-10.0738,-0.55828,5.67772,-13.5615,14.676,-11.5979,0,0,1,0,0.228805,0,-0.178401,0.0607578,-1.81756,0.0822069,-15.5901,466.374,-21.0938,0,0,0,0,0,0,0,0,0,0.000185835,0.0255809,4.52052
0.34,0.0302323,-0.0508792,-0.06029,0.289236,0.965337,-0.221679,0.0179812,0.0923609,-0.156182,0.243831,0.373027,0.138144,-0.01539,0.514275,-0.0920942,-0.0282757,0.757039,-0.0216284,-0.250819,-0.0184565,-0.152104,0.0654921,0.0163656,0.0874491,-0.235163,-0.063588,0.742708,2.04209,-0.182457,-0.104788,-0.163072,0.439736,1.83982,0.00814027,-0.0405835,-0.812732,1.1598,-0.0569953,0.0866702,-1.7179,-0.120524,-0.636937,-0.45368,1.55885,2.69181,-0.000314804,0.247298,-0.409495,-1.35319,-6.14847,-0.44709,0.563948,0.000774239,-0.174591,-0.00310936,0.546816,1.77986,-0.389538,1.09791,0.946858,-0.562782,-1.83753,0.0370081,-1.9287,-0.601883,-0.0385774,2.4154,-3.04521,1.56634,-0.0636984,0.15962,-0.122301,13.134,-37.5414,3.32116,-16.9313,-32.6839,3.9385,-0.00263284,-0.942512,0.431781,-0.884398,4.01777,0.43031,-0.142747,-0.0100218,2.65712,-2.40826,-3.87623,-0.480294,-0.274927,0.0508847,0.775277,-0.0282212,1.2128,-0.350261,-0.0910786,1.28145,-0.0607465,0.210488,-3.54449,2.27297,0.0679121,-2.56299,-0.808498,5.28176,-2.28326,-15.3981,13.0758,5.87298,9.36451,-1.28678e-05,-19.1639,-0.939671,-8.808,-19.8934,-2.27833,45.3241,3.77856e-05,-0.50314,4.93513,-4.71136,0.650708,0.75092,7.55067,-4.85652,-7.84139,0.299711,5.62308,-9.38611,12.1591,-15.6366,0,0,1,0,0.232405,0,-0.177826,0.0550621,-2.04421,0.0927807,-12.7717,474.157,-21.5206,0,0,0,0,0,0,0,0,0,0.000188906,0.0256615,4.19588
0.35,0.0303347,-0.0516395,-0.0681901,0.300841,0.96451,-0.220893,0.00133036,0.0909274,-0.164091,0.240602,0.389203,0.165999,-0.0153932,0.514832,-0.0962831,-0.0426883,0.693565,-0.0263271,-0.240647,-0.0184488,-0.1539,0.0659545,0.0213626,0.105313,-0.238983,-0.0518539,0.75169,2.03568,-0.200802,-0.103855,-0.183297,0.434933,1.83787,0.0102452,-0.0760283,-0.790002,1.16048,-0.0826253,0.0785852,-1.66509,-0.143357,-0.790918,-0.322922,1.61758,2.78546,-0.000314933,0.0556594,-0.418891,-1.44127,-6.34741,-0.469873,1.01719,0.000774617,-0.179622,0.0462419,0.499703,1.78637,-0.382029,1.17342,0.898293,-0.641195,-1.83453,0.093239,-2.02256,-0.480292,-0.194943,1.66864,-2.99547,1.50699,0.0263942,0.104487,-0.0857557,14.2227,-38.3225,3.24349,-16.7579,-35.2943,3.77875,-0.0025801,-2.19386,0.261058,-0.418189,4.95386,0.512658,-0.159011,-0.0113285,2.50288,-3.02377,-4.07078,-0.474531,-0.289497,0.0486184,0.787514,-0.0253377,1.09575,-0.338781,-0.0530325,1.20312,-0.0560723,1.11251,-2.93423,1.97638,0.207544,-2.3311,-0.8113,3.77047,-3.14947,-16.0568,12.5974,4.99935,10.477,-1.28192e-05,-19.241,1.50328,-5.98737,-13.8215,8.90982,51.9443,3.67768e-05,-1.40464,4.03796,-4.44659,0.10371,1.19057,6.86346,-4.77111,-4.64323,1.27552,5.25421,-4.26136,9.4156,-19.0235,0,0,1,0,0.235881,0,-0.177347,0.0462609,-2.27443,0.103821,-9.85368,484.459,-22.114,0,0,0,0,0,0,0,0,0,0.000192512,0.0257611,3.74796
0.36,0.0305484,-0.0526932,-0.0758924,0.312466,0.963451,-0.220188,-0.0149435,0.0891788,-0.173606,0.238633,0.405879,0.194901,-0.0153963,0.513464,-0.100322,-0.0576997,0.628709,-0.0301349,-0.225281,-0.018441,-0.155837,0.0668207,0.025915,0.123187,-0.242685,-0.0394333,0.760196,2.0288,-0.21902,-0.102397,-0.203949,0.431071,1.83402,0.0213702,-0.105371,-0.770238,1.16255,-0.105936,0.0704722,-1.62738,-0.174852,-0.951485,-0.196948,1.66758,2.89023,-0.000315061,-0.136751,-0.403859,-1.50114,-6.48562,-0.380775,1.53663,0.000774984,-0.193669,0.0866215,0.455237,1.78741,-0.370123,1.24205,0.850582,-0.687628,-1.82178,0.145781,-2.06517,-0.386136,-0.385178,0.858772,-2.74761,1.53283,0.185382,-0.179959,-0.0519669,15.5211,-39.3793,3.19442,-16.8737,-38.0831,3.52961,-0.00254047,-3.69002,-0.137288,0.129694,5.94505,0.568934,-0.179241,-0.0126693,2.40305,-3.56304,-4.23727,-0.450542,-0.329578,0.0309903,0.811816,-0.023271,1.02809,-0.407455,-0.0252489,1.1492,-0.0506248,1.88633,-2.39624,1.51737,0.346582,-2.07326,-0.797788,2.53966,-4.03391,-16.3411,12.229,4.10252,11.5596,-1.26547e-05,-18.8752,3.52951,-1.74571,-7.11061,18.5336,52.4763,3.52376e-05,-2.14262,3.20867,-3.88982,-0.764089,1.69724,5.17473,-4.19499,-0.821923,2.36687,4.62311,1.19056,6.77965,-20.9613,0,0,1,0,0.239241,0,-0.176951,0.0340222,-2.50555,0.115307,-6.74839,496.982,-22.8713,0,0,0,0,0,0,0,0,0,0.000196788,0.0258752,3.27199
0.37,0.0309508,-0.0539865,-0.0834431,0.324126,0.962184,-0.219563,-0.0309633,0.0870269,-0.184755,0.237886,0.422965,0.224959,-0.0153995,0.510209,-0.104007,-0.0728857,0.563142,-0.0320893,-0.204667,-0.0184333,-0.157987,0.0680078,0.0300784,0.140985,-0.246216,-0.0264954,0.768283,2.02184,-0.237001,-0.100477,-0.224482,0.427888,1.82807,0.0402335,-0.129333,-0.755064,1.16602,-0.126669,0.0624943,-1.60199,-0.215191,-1.1149,-0.0746585,1.7086,3.00582,-0.000315188,-0.325503,-0.368563,-1.5186,-6.55673,-0.195439,2.0614,0.000775337,-0.215095,0.118708,0.416338,1.77977,-0.353151,1.2938,0.808632,-0.695847,-1.79811,0.192012,-2.05327,-0.318339,-0.594791,-0.0222408,-2.46132,1.69082,0.0695314,0.0216824,-0.016557,17.007,-40.6181,3.18874,-17.2642,-41.0457,3.18117,-0.00251239,-5.37017,-0.583003,0.651977,7.00667,0.582973,-0.199254,-0.0138733,2.39645,-4.04776,-4.36017,-0.418623,-0.394694,0.000886637,0.844453,-0.022057,1.03498,-0.550384,-0.0096811,1.13502,-0.0448567,2.38909,-1.94903,1.00854,0.473114,-1.7946,-0.773165,1.7431,-4.78207,-15.6745,11.8908,2.98632,11.6821,-1.2408e-05,-17.7606,4.99951,3.68312,0.469326,25.3983,46.3098,3.28073e-05,-2.56727,2.47814,-3.0965,-2.00661,2.19989,2.69603,-3.20065,3.19526,3.55455,3.78818,6.34326,4.56276,-20.8335,0,0,1,0,0.242506,0,-0.17662,0.0180559,-2.73357,0.127143,-3.3779,511.396,-23.786,0,0,0,0,0,0,0,0,0,0.000201972,0.0260004,2.98714
0.38,0.031592,-0.0554748,-0.0908929,0.335834,0.960738,-0.219015,-0.0468089,0.0843968,-0.197472,0.238329,0.44035,0.256186,-0.0154026,0.505178,-0.107193,-0.0877034,0.497621,-0.0315038,-0.179422,-0.0184255,-0.160395,0.0694427,0.0339321,0.158582,-0.249528,-0.0132878,0.776049,2.01521,-0.254626,-0.0981784,-0.24438,0.425161,1.82004,0.0641244,-0.148823,-0.744979,1.17075,-0.144615,0.0547627,-1.58455,-0.263011,-1.27164,0.0442499,1.73847,3.12264,-0.000315312,-0.503109,-0.318568,-1.48177,-6.55203,0.0585447,2.52449,0.000775665,-0.240768,0.14349,0.385373,1.7597,-0.331152,1.32076,0.776625,-0.663894,-1.76256,0.229894,-1.98983,-0.272712,-0.803126,-1.03169,-2.36015,1.9929,0.224158,-0.12422,0.0827676,18.6483,-41.9314,3.23881,-17.9133,-44.1681,2.72343,-0.00247949,-7.15888,-0.842943,1.04735,8.15411,0.542854,-0.213761,-0.0147049,2.3599,-4.54231,-4.41872,-0.384887,-0.473082,-0.035795,0.878551,-0.0216065,1.13732,-0.752803,-0.00608772,1.16847,-0.0391849,2.52638,-1.58223,0.558945,0.59084,-1.52056,-0.738861,1.42081,-5.24068,-13.5135,11.4311,1.43834,9.92767,-1.20404e-05,-15.6851,5.80225,9.67301,9.1647,28.8547,33.9532,2.99547e-05,-2.59734,1.82733,-2.13769,-3.64678,2.65483,-0.332596,-1.91242,6.94651,4.81544,2.79851,10.7075,2.94726,-18.3969,0,0,1,0,0.245697,0,-0.176335,-0.00182065,-2.95326,0.139133,0.325105,527.348,-24.8443,0,0,0,0,0,0,0,0,0,0.000208382,0.0262138,3.26786
0.39,0.0324859,-0.0571212,-0.0982868,0.3476,0.95914,-0.218542,-0.0625123,0.0812426,-0.211539,0.239914,0.457878,0.288405,-0.0154058,0.498578,-0.109798,-0.101554,0.433018,-0.0280329,-0.150782,-0.0184178,-0.163063,0.0710603,0.0375721,0.175814,-0.252574,-0.000113425,0.783624,2.00926,-0.271771,-0.0955996,-0.263208,0.422728,1.81017,0.0893883,-0.164646,-0.73939,1.17666,-0.15982,0.0473741,-1.57035,-0.315418,-1.40678,0.158561,1.75285,3.22192,-0.000315432,-0.65996,-0.260546,-1.38504,-6.46039,0.347092,2.86403,0.000775964,-0.266741,0.161763,0.363997,1.72323,-0.304603,1.31743,0.757501,-0.594429,-1.71441,0.257879,-1.88276,-0.243239,-0.987095,-2.26479,-2.45565,2.44592,0.516279,-1.7063,0.447336,20.3485,-43.1931,3.34857,-18.7824,-47.4222,2.15205,-0.00242141,-9.01657,-0.744214,1.25883,9.41209,0.44326,-0.218589,-0.0149088,2.18855,-5.03147,-4.38773,-0.371312,-0.549103,-0.070916,0.902332,-0.0216787,1.32319,-0.990782,-0.0123102,1.24312,-0.0338758,2.27559,-1.23577,0.266614,0.695156,-1.27455,-0.692393,1.49781,-5.29992,-9.51666,10.6749,-0.700354,5.64003,-1.15651e-05,-12.5845,5.89488,15.2703,19.1569,28.8654,16.9699,2.7648e-05,-2.23292,1.19336,-1.10532,-5.67032,3.05591,-3.67415,-0.483233,9.98057,6.13033,1.68641,14.011,1.94135,-13.9017,0,0,1,0,0.248833,0,-0.176081,-0.025612,-3.15843,0.150962,4.41511,544.464,-26.0235,0,0,0,0,0,0,0,0,0,0.000216304,0.0264466,4.52991
0.4,0.0336074,-0.0588912,-0.105654,0.359436,0.957414,-0.218137,-0.078066,0.0775585,-0.226559,0.242567,0.475337,0.321188,-0.0154089,0.49072,-0.111814,-0.113877,0.370329,-0.0216754,-0.120444,-0.01841,-0.165953,0.0727973,0.0411015,0.192479,-0.255314,0.0126935,0.791151,2.00432,-0.288302,-0.0928522,-0.280634,0.42049,1.79891,0.112144,-0.177003,-0.736724,1.18361,-0.172566,0.0404501,-1.55537,-0.368417,-1.50194,0.26531,1.74585,3.27832,-0.000315548,-0.785805,-0.201597,-1.23233,-6.26882,0.635745,3.03372,0.000776241,-0.28907,0.173697,0.352943,1.66653,-0.274044,1.28069,0.752669,-0.494624,-1.6531,0.274743,-1.74265,-0.223826,-1.12611,-3.76942,-2.63064,3.00542,0.504336,-2.89647,0.576294,22.0109,-44.2684,3.50751,-19.8182,-50.7705,1.47055,-0.00233068,-10.8417,-0.278278,1.28553,10.7768,0.288153,-0.212662,-0.0143048,1.93386,-5.56064,-4.26289,-0.391321,-0.606228,-0.0970043,0.915042,-0.0223985,1.55175,-1.25055,-0.0268592,1.34455,-0.0293207,1.71393,-0.813023,0.210628,0.780337,-1.02617,-0.641206,1.82021,-4.94229,-3.6993,9.48742,-3.47018,-1.34598,-1.42837e-05,-8.5707,5.35694,19.3913,30.4449,25.9127,-2.31951,3.36082e-05,-1.54075,0.468912,-0.121958,-8.01666,3.43075,-7.09813,0.929349,11.8917,7.48193,0.470964,16.1978,1.41258,-8.09207,0,0,1,0,0.251932,0,-0.175847,-0.0530863,-3.34228,0.162201,8.93191,562.347,-27.2907,0,0,0,0,0,0,0,0,0,0.000225793,0.026642,6.25599
0.41,0.0349002,-0.0607426,-0.113,0.37135,0.955586,-0.217797,-0.0934377,0.0733801,-0.241948,0.246169,0.492448,0.353837,-0.0154121,0.482005,-0.113295,-0.124261,0.310686,-0.0127267,-0.0903391,-0.0184022,-0.168998,0.0745812,0.0446187,0.208343,-0.257711,0.0247906,0.79877,2.00056,-0.304084,-0.0900577,-0.296441,0.418393,1.78683,0.129283,-0.185134,-0.734617,1.19141,-0.182828,0.0340381,-1.53717,-0.41784,-1.53894,0.360184,1.71114,3.26486,-0.000315691,-0.871512,-0.148028,-1.03842,-5.96437,0.894872,3.01053,0.000776577,-0.304478,0.178386,0.351724,1.58636,-0.239737,1.20971,0.761962,-0.375707,-1.57828,0.279453,-1.58067,-0.2097,-1.20703,-5.36434,-2.77777,3.66884,0.454157,-3.7931,0.627795,23.6094,-45.1179,3.69986,-20.9812,-54.1697,0.694183,-0.0021955,-12.548,0.451029,1.16506,12.2104,0.0877417,-0.197577,-0.0128087,1.63768,-6.15935,-4.05313,-0.445508,-0.637749,-0.11062,0.916535,-0.0238284,1.80021,-1.50183,-0.0452211,1.45948,-0.0259009,0.979038,-0.223677,0.448446,0.855352,-0.771668,-0.582277,2.21136,-4.22982,3.62768,7.80264,-6.81021,-10.7795,-1.47023e-05,-3.91487,4.40766,21.1436,42.7418,20.7611,-21.3569,3.15302e-05,-0.62166,-0.463391,0.680918,-10.5917,3.82335,-10.4136,2.19001,12.4691,8.85833,-0.836085,17.4022,1.13572,-1.97231,0,0,1,0,0.255008,0,-0.175622,-0.0837391,-3.49788,0.172338,13.8989,580.574,-28.6045,0,0,0,0,0,0,0,0,0,0.000236507,0.0267864,8.05857
0.42,0.0362909,-0.0626163,-0.120302,0.38335,0.953681,-0.217515,-0.108588,0.0687787,-0.256975,0.250551,0.508878,0.385407,-0.0154153,0.472899,-0.114334,-0.132531,0.255316,-0.00170189,-0.0623695,-0.0183945,-0.172105,0.0763187,0.0482041,0.223147,-0.259726,0.0358463,0.806609,1.99805,-0.318981,-0.0873468,-0.310507,0.41641,1.77457,0.139074,-0.18737,-0.730133,1.19996,-0.190544,0.0282153,-1.51505,-0.460138,-1.50266,0.438211,1.64304,3.15707,-0.000315838,-0.91066,-0.103951,-0.826984,-5.53695,1.10248,2.79696,0.000776892,-0.310694,0.173752,0.358533,1.48045,-0.201503,1.10557,0.783862,-0.251016,-1.4897,0.271092,-1.40665,-0.198343,-1.22676,-6.90484,-2.76703,4.45817,0.384159,-4.49866,0.624417,25.1152,-45.7516,3.90436,-22.2169,-57.5737,-0.15046,-0.00201471,-14.1042,1.21462,0.954777,13.6587,-0.142637,-0.177685,-0.0104861,1.36551,-6.87228,-3.78488,-0.530057,-0.642446,-0.110827,0.908816,-0.0258988,2.04562,-1.71949,-0.0631849,1.57413,-0.0238698,0.216025,0.594225,1.00904,0.927775,-0.508256,-0.51647,2.51852,-3.28324,11.8852,5.65596,-10.5592,-22.004,-1.51074e-05,0.999028,3.36381,20.1128,55.4465,14.2273,-37.8373,2.9586e-05,0.417991,-1.68725,1.17899,-13.2741,4.27111,-13.4554,3.19765,11.7525,10.236,-2.21467,17.8462,0.882548,3.47924,0,0,1,0,0.258066,0,-0.175397,-0.116794,-3.61893,0.180833,19.3216,598.691,-29.9157,0,0,0,0,0,0,0,0,0,0.000247733,0.0288017,9.79714
0.43,0.0377033,-0.0644306,-0.127502,0.395443,0.951724,-0.217284,-0.123487,0.063849,-0.270813,0.255499,0.524253,0.414778,-0.0154184,0.463892,-0.115037,-0.13879,0.205491,0.0107457,-0.0381837,-0.0183867,-0.17517,0.0778875,0.0519073,0.236624,-0.261314,0.0455565,0.814767,1.99671,-0.332855,-0.0848573,-0.322789,0.414514,1.76265,0.141234,-0.181428,-0.720042,1.20924,-0.195627,0.0230506,-1.48987,-0.492971,-1.38381,0.49477,1.53745,2.93702,-0.000315989,-0.90067,-0.0703131,-0.625856,-4.98249,1.24476,2.41859,0.000777188,-0.306514,0.156879,0.370323,1.3477,-0.158792,0.97102,0.815839,-0.133491,-1.38734,0.248945,-1.22819,-0.189517,-1.19196,-8.26257,-2.45694,5.39592,0.309641,-5.12331,0.582149,26.5032,-46.1989,4.09639,-23.4543,-60.9401,-1.02748,-0.00179863,-15.4817,1.74877,0.704602,15.0408,-0.38432,-0.158232,-0.00754868,1.17009,-7.71069,-3.49561,-0.636146,-0.62446,-0.0989303,0.895026,-0.0283772,2.26944,-1.8891,-0.0780359,1.67711,-0.0232952,-0.458546,1.64045,1.88395,1.0064,-0.238222,-0.446627,2.63967,-2.22124,20.3485,3.17464,-14.4932,-34.092,-1.54963e-05,5.75983,2.53084,16.5089,67.7144,7.0168,-50.0726,2.77439e-05,1.49319,-3.20086,1.28137,-15.929,4.78798,-16.0731,3.88973,10.0112,11.5651,-3.62593,17.7494,0.489827,7.57158,0,0,1,0,0.261115,0,-0.175172,-0.151257,-3.70058,0.187167,25.1872,616.219,-31.167,0,0,0,0,0,0,0,0,0,0.000258566,0.0311608,11.4064
0.44,0.0390698,-0.0660808,-0.134514,0.407636,0.949744,-0.217098,-0.138122,0.0586971,-0.282616,0.260764,0.538178,0.440739,-0.0154216,0.455461,-0.115487,-0.143397,0.162438,0.0238949,-0.0190051,-0.0183789,-0.178086,0.0791362,0.0557387,0.248508,-0.262424,0.0536594,0.823315,1.99638,-0.345572,-0.0827304,-0.333296,0.412668,1.75149,0.136649,-0.165024,-0.701203,1.21931,-0.198009,0.0185843,-1.46347,-0.515183,-1.18032,0.526517,1.39252,2.5961,-0.000316144,-0.843072,-0.0450046,-0.460767,-4.30534,1.31492,1.91786,0.000777466,-0.291582,0.124871,0.383137,1.18841,-0.110912,0.810289,0.854736,-0.033379,-1.27169,0.212686,-1.05069,-0.184619,-1.11625,-9.27189,-1.77573,6.45244,0.241523,-5.70734,0.510811,27.7709,-46.4843,4.25074,-24.6149,-64.2306,-1.89182,-0.00156713,-16.6006,1.88709,0.446451,16.2391,-0.617762,-0.142802,-0.00430866,1.08631,-8.63998,-3.22635,-0.750989,-0.594098,-0.0785162,0.878531,-0.0309111,2.45841,-2.00733,-0.0886938,1.76067,-0.0239822,-0.994223,2.86456,3.0318,1.09903,0.0289172,-0.380362,2.57515,-1.15979,28.2532,0.579478,-18.3503,-45.9981,-1.58741e-05,10.006,2.15562,11.1707,78.5198,-0.414489,-57.2488,2.60105e-05,2.57273,-4.91812,0.942102,-18.42,5.34743,-18.1278,4.23956,7.66468,12.7769,-5.00509,17.2871,-0.119064,10.0594,0,0,1,0,0.264152,0,-0.174943,-0.186008,-3.73987,0.190907,31.4662,632.66,-32.295,0,0,0,0,0,0,0,0,0,0.000268088,0.0331432,12.7925
0.45,0.0403368,-0.0674446,-0.141223,0.419939,0.947767,-0.21695,-0.152499,0.0534293,-0.291594,0.266087,0.550268,0.4621,-0.0154247,0.448031,-0.115722,-0.146888,0.127236,0.0370027,-0.00555131,-0.0183711,-0.180744,0.0798931,0.0596642,0.258551,-0.262998,0.0599496,0.832286,1.99681,-0.357011,-0.0811041,-0.342074,0.41081,1.74133,0.126706,-0.136378,-0.670885,1.2303,-0.19772,0.0147807,-1.43772,-0.526781,-0.897792,0.532311,1.20902,2.13612,-0.000316303,-0.743012,-0.0234484,-0.34906,-3.52015,1.31078,1.34537,0.000777726,-0.265855,0.0756895,0.392558,1.00421,-0.0574381,0.629011,0.897132,0.0432678,-1.14392,0.162635,-0.877823,-0.18581,-1.01565,-9.7163,-0.801036,7.50634,0.187242,-6.24424,0.422467,28.9478,-46.6287,4.33825,-25.6224,-67.4124,-2.69774,-0.00134518,-17.3116,1.65022,0.202932,17.1026,-0.824764,-0.13161,-0.00111211,1.12437,-9.58794,-3.01691,-0.860656,-0.566552,-0.0548366,0.861737,-0.0331166,2.6065,-2.07816,-0.0952264,1.82175,-0.0255965,-1.40285,4.20435,4.38619,1.211,0.277241,-0.331384,2.43301,-0.258659,34.7653,-1.81116,-21.8258,-56.5315,-1.62448e-05,13.4306,2.41545,5.36419,86.7201,-7.89402,-59.4338,2.43919e-05,3.67015,-6.7133,0.158355,-20.6147,5.88352,-19.4873,4.24217,5.15138,13.7947,-6.26303,16.578,-0.920246,11.0512,0,0,1,0,0.267175,0,-0.174715,-0.219895,-3.73602,0.191758,38.1114,647.515,-33.2348,0,0,0,0,0,0,0,0,0,0.000275459,0.0346514,13.8057
0.46,0.0414636,-0.0683879,-0.147493,0.432363,0.945818,-0.216836,-0.166633,0.0481357,-0.297095,0.271229,0.560176,0.477808,-0.0154279,0.441944,-0.115715,-0.149842,0.100707,0.0493211,0.00195905,-0.0183634,-0.183036,0.0799786,0.0636056,0.266531,-0.262984,0.0642909,0.841681,1.99776,-0.367071,-0.080104,-0.349195,0.40886,1.73228,0.112678,-0.0943345,-0.627023,1.24241,-0.194948,0.0114669,-1.41339,-0.529368,-0.550138,0.5142,0.990758,1.57081,-0.000316465,-0.608706,0.00070603,-0.295418,-2.65294,1.23184,0.751036,0.00077797,-0.229154,0.00855646,0.394141,0.798066,0.00139713,0.434138,0.939553,0.0947816,-1.00597,0.100005,-0.712043,-0.195012,-0.905142,-9.36827,0.248239,8.35498,0.151663,-6.70035,0.331352,30.093,-46.6368,4.33052,-26.4107,-70.4553,-3.39933,-0.00115649,-17.423,1.24125,0.0016454,17.4676,-0.990488,-0.121708,0.00172347,1.26182,-10.466,-2.89951,-0.952673,-0.558777,-0.0338219,0.845472,-0.0346652,2.7147,-2.10889,-0.0981464,1.86139,-0.027715,-1.74701,5.59792,5.85923,1.34418,0.487096,-0.316524,2.40469,0.301458,39.1203,-3.62959,-24.6282,-64.5621,-1.66114e-05,15.7927,3.39737,0.47479,91.1889,-15.4784,-57.441,2.28818e-05,4.82552,-8.44809,-1.02307,-22.3974,6.3043,-20.0436,3.90566,2.82516,14.5496,-7.29999,15.7057,-1.8127,10.9039,0,0,1,0,0.270178,0,-0.174492,-0.251818,-3.69022,0.189592,45.058,660.296,-33.9239,0,0,0,0,0,0,0,0,0,0.000279957,0.0355998,14.2358
0.47,0.0424157,-0.0687715,-0.153177,0.444921,0.943917,-0.216753,-0.180526,0.0428721,-0.298685,0.276008,0.567621,0.48706,-0.0154311,0.437436,-0.115368,-0.152749,0.0832963,0.0600917,0.00372531,-0.0183556,-0.184845,0.0792194,0.0674447,0.272272,-0.26234,0.066628,0.851468,1.99899,-0.375675,-0.079834,-0.354745,0.406729,1.72432,0.0952078,-0.0383553,-0.568431,1.25585,-0.190077,0.00830164,-1.38934,-0.526353,-0.158936,0.477904,0.744476,0.925188,-0.000316631,-0.450779,0.0346797,-0.290671,-1.74106,1.07706,0.176626,0.000778198,-0.180898,-0.0759244,0.38391,0.574093,0.0644401,0.233702,0.97861,0.123033,-0.860478,0.0270048,-0.554986,-0.213139,-0.796102,-8.05579,1.10525,8.78269,0.138238,-7.00581,0.246559,31.2732,-46.4977,4.20758,-26.9315,-73.3232,-3.95556,-0.00101667,-16.756,0.936046,-0.124723,17.1944,-1.10444,-0.108973,0.00395159,1.44638,-11.1878,-2.89271,-1.01858,-0.58576,-0.0209169,0.828862,-0.0353452,2.78907,-2.10655,-0.0978635,1.88341,-0.0298616,-2.1169,6.97673,7.34329,1.49609,0.639664,-0.349907,2.71733,0.375461,40.7948,-4.52462,-26.5547,-69.2679,-1.69912e-05,16.9475,5.07179,-2.37689,91.0431,-23.2764,-52.5106,2.14711e-05,6.07788,-9.98415,-2.49807,-23.6839,6.51264,-19.7388,3.24686,0.896641,14.9956,-8.02287,14.7339,-2.65704,10.1172,0,0,1,0,0.273153,0,-0.174282,-0.280811,-3.60533,0.184452,52.2266,670.536,-34.3053,0,0,0,0,0,0,0,0,0,0.000281041,0.0359232,13.8713
0.48,0.0431561,-0.0684574,-0.158127,0.457629,0.94208,-0.216705,-0.194148,0.0376461,-0.296195,0.280335,0.57241,0.489385,-0.0154342,0.434623,-0.114514,-0.155893,0.0749901,0.0685346,0.000240515,-0.0183478,-0.186046,0.0774617,0.071034,0.275645,-0.261044,0.0669911,0.861578,2.00031,-0.382781,-0.0803662,-0.358821,0.404332,1.71737,0.0740388,0.031412,-0.494998,1.27081,-0.18368,0.00480257,-1.36217,-0.522599,0.249013,0.432658,0.478928,0.232509,-0.000316801,-0.281304,0.0853976,-0.314439,-0.830625,0.844291,-0.34848,0.000778413,-0.12012,-0.175766,0.35893,0.337254,0.129567,0.0363141,1.01108,0.132,-0.710522,-0.053224,-0.407647,-0.239709,-0.69493,-5.73776,1.59735,8.65232,0.152839,-6.97875,0.166746,32.5257,-46.1951,3.96111,-27.1511,-75.9692,-4.33365,-0.000928517,-15.2111,0.924048,-0.154452,16.2098,-1.16031,-0.0908091,0.0054143,1.60571,-11.6804,-3.00139,-1.05664,-0.657458,-0.0199795,0.809485,-0.0350753,2.83875,-2.0753,-0.094541,1.8932,-0.031669,-2.57735,8.26805,8.72075,1.65945,0.724504,-0.437511,3.55361,-0.126539,39.5319,-4.20701,-27.5347,-70.176,-1.74527e-05,16.8514,7.29958,-2.66782,85.8925,-31.206,-45.9238,2.01613e-05,7.4118,-11.21,-4.11814,-24.4257,6.43515,-18.5837,2.28501,-0.569971,15.1164,-8.3601,13.6998,-3.29574,9.15035,0,0,1,0,0.276087,0,-0.174091,-0.30609,-3.48531,0.17654,59.5258,677.795,-34.332,0,0,0,0,0,0,0,0,0,0.000278481,0.0355883,12.6131
0.49,0.0436387,-0.0673164,-0.162205,0.470503,0.940316,-0.216701,-0.207414,0.0324075,-0.289751,0.284241,0.574446,0.484692,-0.0154374,0.433495,-0.11293,-0.159304,0.0752731,0.0738569,-0.00783667,-0.01834,-0.186506,0.0745831,0.0742115,0.276575,-0.259105,0.0654959,0.871918,2.00157,-0.388374,-0.0817345,-0.361528,0.401605,1.71133,0.0482653,0.114092,-0.40779,1.2874,-0.176435,0.000427455,-1.32663,-0.523864,0.644332,0.390588,0.203581,-0.46925,-0.000316976,-0.11279,0.158393,-0.341118,0.0283005,0.532231,-0.807718,0.000778615,-0.0460016,-0.287866,0.317748,0.0929967,0.193918,-0.149523,1.03393,0.1263,-0.559357,-0.136825,-0.270649,-0.272667,-0.603427,-2.6128,1.75677,7.98351,0.199551,-6.09597,0.100508,33.8173,-45.7029,3.6018,-27.0457,-78.3282,-4.5109,-0.000879581,-12.8253,1.1977,-0.0939162,14.5427,-1.15511,-0.0680562,0.00603755,1.64139,-11.894,-3.21113,-1.07206,-0.774783,-0.0320603,0.784308,-0.0338927,2.87068,-2.01816,-0.0884674,1.89567,-0.0329299,-3.144,9.36823,9.87225,1.82203,0.746405,-0.571628,4.99072,-1.16389,35.4716,-2.50974,-27.698,-67.337,-1.81898e-05,15.5814,9.81194,-0.614877,76.0454,-38.7661,-38.6833,1.89507e-05,8.73048,-12.0301,-5.69074,-24.6213,6.04644,-16.683,1.04605,-1.61703,14.9332,-8.28204,12.6267,-3.59067,8.33228,0,0,1,0,0.278969,0,-0.173923,-0.327054,-3.33476,0.166192,66.8527,681.654,-33.971,0,0,0,0,0,0,0,0,0,0.000272458,0.0346067,10.529
0.5,0.043807,-0.0652387,-0.165296,0.483559,0.938626,-0.216753,-0.220181,0.0270525,-0.279761,0.287896,0.573712,0.473266,-0.0154406,0.433926,-0.110365,-0.162777,0.0831606,0.0753026,-0.0197822,-0.0183322,-0.186093,0.0705014,0.0768199,0.275042,-0.256561,0.0623323,0.882361,2.00267,-0.392474,-0.0839309,-0.362971,0.398519,1.70613,0.0168253,0.207775,-0.309068,1.30562,-0.168971,-0.00528882,-1.27673,-0.535503,0.999048,0.36549,-0.0733986,-1.14262,-0.000317158,0.0430239,0.256513,-0.347266,0.788754,0.14457,-1.19455,0.000778804,0.0413032,-0.408167,0.260841,-0.153217,0.254383,-0.316353,1.04439,0.11013,-0.410025,-0.219645,-0.144382,-0.308573,-0.520104,0.889829,1.91076,6.9821,0.198428,-3.47422,0.0946377,35.0441,-44.9789,3.1604,-26.6043,-80.316,-4.47803,-0.000840875,-9.79725,1.54794,0.0216615,12.3362,-1.08822,-0.0450564,0.00581315,1.44831,-11.7533,-3.46611,-1.07413,-0.928301,-0.054893,0.750664,-0.0319159,2.88464,-1.93545,-0.0800485,1.89328,-0.0335746,-3.78098,10.1653,10.7024,1.96668,0.724916,-0.733698,7.00578,-2.5728,29.1628,0.611539,-27.3895,-61.371,-1.94473e-05,13.3418,12.256,2.92935,62.555,-44.957,-31.37,1.77186e-05,9.8727,-12.3721,-6.98866,-24.3274,5.36874,-14.2593,-0.422754,-2.33012,14.5222,-7.81223,11.5571,-3.472,7.83642,0,0,1,0,0.281788,0,-0.17378,-0.343254,-3.15839,0.153841,74.0889,681.715,-33.2053,0,0,0,0,0,0,0,0,0,0.000263561,0.0330415,8.08153
0.51,0.0435971,-0.0621444,-0.167316,0.496812,0.937009,-0.21688,-0.232248,0.0214402,-0.266854,0.291612,0.570239,0.455703,-0.0154438,0.43569,-0.106574,-0.165957,0.0973037,0.0722526,-0.0348647,-0.0183244,-0.184693,0.0651825,0.0787295,0.271078,-0.25348,0.0577429,0.892763,2.00354,-0.395122,-0.0869086,-0.36326,0.395086,1.70171,-0.0209845,0.309428,-0.202044,1.32529,-0.161722,-0.0126258,-1.20667,-0.561231,1.29068,0.371606,-0.347294,-1.75633,-0.000317352,0.176442,0.379072,-0.317973,1.4143,-0.305001,-1.50825,0.000778981,0.14003,-0.531888,0.190954,-0.396491,0.30807,-0.458945,1.04016,0.0868284,-0.264803,-0.297768,-0.0288115,-0.343293,-0.44174,-3.70653,-2.89676,4.50613,0.0309545,-7.16062,0.691087,36.4721,-43.2693,2.61172,-25.887,-81.8221,-4.23449,-0.000847677,-15.7421,6.55819,0.226369,14.0317,0.929409,-0.364162,0.0045701,2.51686,-10.7764,-3.67143,-0.910201,-1.07819,-0.0905316,0.825359,-0.0332281,2.73212,-1.98094,-0.0939898,1.89067,-0.0351511,-4.0491,10.7261,11.1351,2.11221,1.12056,-0.999538,9.56372,-4.0517,21.4739,5.08366,-27.1437,-53.3762,-1.70317e-05,10.491,14.209,6.79447,47.0434,-48.391,-24.1934,1.57925e-05,10.757,-12.0986,-7.81931,-23.6132,4.47692,-11.5765,-2.07728,-2.7789,13.9819,-7.00663,10.5176,-2.92099,7.69136,0,0,1,1,0.284537,0,-0.173663,-0.354331,-2.96068,0.139973,81.0951,677.606,-32.0354,0.743029,0,-0.254917,0.0155909,0.377972,-0.0679356,1.44643,35.0661,-6.30267,0.000252651,0.0310019,9.70504
0.52,0.0429824,-0.0579775,-0.168223,0.510277,0.935504,-0.217106,-0.243358,0.0154227,-0.2518,0.295836,0.564051,0.432802,-0.0154469,0.438503,-0.101363,-0.168457,0.116151,0.0643635,-0.0523665,-0.0183166,-0.182217,0.0586538,0.0798571,0.264751,-0.249952,0.0519958,0.902957,2.00413,-0.396372,-0.090587,-0.362496,0.391361,1.69807,-0.0614755,0.416688,-0.090693,1.34641,-0.150516,-0.0226212,-1.11103,-0.601748,1.50542,0.422442,-0.618731,-2.29009,-0.000317522,0.281352,0.521163,-0.250028,1.88474,-0.788911,-1.75018,0.000779139,0.247601,-0.652874,0.112761,-0.632623,0.352839,-0.574711,1.01939,0.0590395,-0.124984,-0.367834,0.0763645,-0.372503,-0.364826,-2.34876,-3.07472,3.14307,0.04387,-6.32015,0.798913,37.5123,-41.6531,2.11424,-24.947,-82.7456,-3.7972,-0.000714853,-15.9171,7.11742,0.339045,12.8227,1.44471,-0.296508,0.00268602,3.01173,-9.49489,-3.90846,-0.8855,-1.27782,-0.132288,0.819429,-0.0319282,2.63932,-1.89398,-0.0898825,1.88351,-0.0353182,-4.26234,10.6669,11.1466,2.15077,1.27995,-1.16152,12.4467,-5.36764,13.4581,10.7983,-27.6198,-44.7347,-1.69779e-05,7.26362,15.4111,9.89053,31.4665,-47.6116,-17.1716,1.44831e-05,11.0221,-11.3678,-8.12402,-22.5267,3.48851,-8.87565,-3.89518,-2.98793,13.4062,-5.94279,9.502,-1.9515,7.81766,0,0,1,1,0.28721,0,-0.173569,-0.359959,-2.74563,0.125093,87.7066,668.992,-30.4798,0.766397,0,-0.264195,-0.00421849,0.4496,-0.0608138,-0.504352,53.7531,-7.27075,0.00024049,0.0286252,8.08913
0.53,0.0419414,-0.052744,-0.168016,0.523956,0.934126,-0.217448,-0.253224,0.00886844,-0.2354,0.30114,0.555102,0.405428,-0.0154501,0.442043,-0.0946099,-0.169968,0.138145,0.0517132,-0.0715855,-0.0183088,-0.178639,0.0509883,0.0801723,0.256172,-0.246075,0.0453611,0.912761,2.00442,-0.396282,-0.0948596,-0.360782,0.387441,1.6952,-0.104099,0.523357,0.0207733,1.36792,-0.137717,-0.0342363,-0.986564,-0.655424,1.64,0.530425,-0.894929,-2.73744,-0.000317692,0.353988,0.675273,-0.151123,2.1994,-1.26503,-1.9219,0.000779284,0.357822,-0.766552,0.0315209,-0.85789,0.387724,-0.663467,0.980437,0.0291602,0.00907805,-0.427262,0.171384,-0.392018,-0.28665,-1.1861,-2.73336,1.92592,0.0898817,-5.0868,0.798187,38.3517,-39.5572,1.66837,-23.8879,-82.9722,-3.19025,-0.000434827,-16.5312,7.14184,0.370638,11.5182,2.1056,-0.245546,0.000155077,3.54038,-7.86183,-4.14027,-0.894764,-1.46147,-0.17172,0.806463,-0.0304033,2.5348,-1.80088,-0.0864786,1.87819,-0.0354618,-4.1192,10.0724,10.7672,2.11415,1.47764,-1.28513,15.5629,-6.22945,6.14132,17.5701,-29.5054,-36.8585,-1.70641e-05,3.95438,15.6221,11.5445,17.596,-41.5416,-10.3414,1.31824e-05,10.5613,-10.1732,-7.92534,-21.0798,2.54568,-6.33142,-5.87472,-2.94148,12.8564,-4.69939,8.47801,-0.591306,8.07212,0,0,1,1,0.289811,0,-0.173492,-0.359847,-2.51688,0.109693,93.7324,655.594,-28.5727,0.781186,0,-0.269301,-0.0220675,0.500558,-0.0540716,-3.35796,76.1688,-8.22795,0.000227847,0.027022,6.25364
0.54,0.0404885,-0.0465031,-0.166731,0.537846,0.932897,-0.217919,-0.261533,0.00169126,-0.218386,0.308202,0.543202,0.374367,-0.0154533,0.445979,-0.086295,-0.170325,0.161899,0.0349088,-0.0918387,-0.0183011,-0.174004,0.0423054,0.079695,0.245486,-0.241943,0.0380933,0.921978,2.00442,-0.394905,-0.0996021,-0.35822,0.383462,1.69314,-0.145291,0.624081,0.128445,1.38906,-0.12294,-0.0470877,-0.830935,-0.717719,1.70141,0.706126,-1.18998,-3.10603,-0.000317863,0.393532,0.831495,-0.0356782,2.37536,-1.68044,-2.02531,0.000779416,0.463435,-0.868283,-0.0477324,-1.06869,0.413181,-0.726781,0.92169,-0.000254594,0.137642,-0.474256,0.256165,-0.397931,-0.205928,-0.394466,-2.05338,0.85849,0.150311,-3.56457,0.665026,38.9986,-36.9623,1.31244,-22.8385,-82.403,-2.44895,3.20184e-05,-17.6996,6.69118,0.356695,10.1731,2.85924,-0.167254,-0.00285868,4.04495,-6.0563,-4.38972,-0.944864,-1.61037,-0.204048,0.78631,-0.0286672,2.42201,-1.70826,-0.0841945,1.87376,-0.0357256,-3.54935,8.97708,10.0713,1.99072,1.71418,-1.35849,18.8418,-6.47103,0.362369,25.1786,-33.397,-30.9412,-1.73388e-05,0.739668,14.8221,11.6467,6.70215,-29.9314,-3.8909,1.19082e-05,9.2985,-8.63102,-7.36546,-19.2527,1.78607,-4.03926,-8.02871,-2.61195,12.3593,-3.35667,7.40987,1.12593,8.28699,0,0,1,1,0.292343,0,-0.173429,-0.353787,-2.27808,0.0942478,98.9591,637.209,-26.3624,0.791889,0,-0.272439,-0.0386217,0.542173,-0.0482522,-7.28191,102.224,-9.09768,0.000215304,0.0268383,4.27551
0.55,0.0386806,-0.0393646,-0.16444,0.551936,0.931839,-0.218526,-0.267959,-0.00613303,-0.201336,0.317781,0.527963,0.340213,-0.0154565,0.449988,-0.0764978,-0.169517,0.186323,0.0151112,-0.112481,-0.0182933,-0.16844,0.0327595,0.0784811,0.232873,-0.237632,0.0304216,0.930392,2.00416,-0.392293,-0.10468,-0.354918,0.379595,1.69191,-0.180784,0.713852,0.229158,1.40897,-0.105798,-0.0606725,-0.642517,-0.782429,1.70503,0.957912,-1.52395,-3.41544,-0.000318036,0.400929,0.979716,0.0807885,2.44238,-1.97976,-2.06422,0.000779535,0.55642,-0.954594,-0.121387,-1.26122,0.431042,-0.767174,0.841403,-0.0263741,0.261236,-0.507822,0.330263,-0.386672,-0.123058,-0.0132233,-1.38758,-0.0643005,0.177697,-2.15513,0.491066,39.5176,-33.9391,1.06776,-21.9482,-80.9584,-1.61066,0.000693518,-19.4295,5.88742,0.337862,8.76951,3.64464,-0.0263451,-0.00612102,4.47738,-4.29243,-4.68078,-1.03037,-1.7134,-0.227007,0.760987,-0.0268008,2.3057,-1.61699,-0.0824462,1.86876,-0.0361136,-2.56292,7.51664,9.17097,1.7755,1.97289,-1.37832,22.2913,-6.121,-3.50559,33.3696,-39.6262,-27.5409,-1.77761e-05,-2.2956,13.2205,10.5369,-0.706375,-13.6057,1.92148,1.06773e-05,7.28828,-6.93041,-6.66394,-17.013,1.31428,-2.02097,-10.3678,-2.00935,11.909,-1.99076,6.26115,3.15632,8.35109,0,0,1,1,0.294818,0,-0.173372,-0.341692,-2.03291,0.0792011,103.158,613.741,-23.9111,0.8004,0,-0.274536,-0.0544269,0.578817,-0.0430228,-12.3801,131.659,-9.78608,0.000203358,0.0266631,2.61667
0.56,0.0366165,-0.0314744,-0.161231,0.566203,0.930978,-0.21927,-0.272155,-0.0145694,-0.184636,0.330697,0.508761,0.303305,-0.0154596,0.453768,-0.0653786,-0.167656,0.210676,-0.00604693,-0.132931,-0.0182855,-0.162147,0.0225205,0.0766008,0.21856,-0.23319,0.0225477,0.93777,2.00369,-0.38849,-0.109958,-0.350989,0.376044,1.69151,-0.206414,0.789018,0.320868,1.42672,-0.0860695,-0.0744557,-0.419603,-0.843639,1.66998,1.29161,-1.92021,-3.69085,-0.000318214,0.377973,1.11192,0.186157,2.43532,-2.11581,-2.04501,0.000779642,0.629303,-1.0239,-0.188026,-1.43135,0.444185,-0.787384,0.737724,-0.0464676,0.380326,-0.52773,0.392875,-0.355109,-0.0395476,0.234234,-1.07806,-0.841462,0.168684,-1.7797,0.506671,40.0461,-30.634,0.934402,-21.3794,-78.5793,-0.71149,0.00151228,-21.6332,4.83022,0.359553,7.22864,4.39552,0.205957,-0.00933886,4.89573,-2.71767,-5.03681,-1.1352,-1.7724,-0.24261,0.734857,-0.0250532,2.20067,-1.52397,-0.0799341,1.86528,-0.0365669,-1.24823,5.9241,8.18206,1.47335,2.22018,-1.3484,25.9899,-5.40463,-5.58995,41.8197,-48.1291,-26.4703,-1.8157e-05,-5.12656,11.2176,8.78741,-4.94192,5.54783,6.87221,9.26448e-06,4.73768,-5.30816,-6.06166,-14.3463,1.18047,-0.258943,-12.875,-1.20462,11.4843,-0.676616,5.02384,5.4289,8.24127,0,0,1,1,0.297252,0,-0.173316,-0.323682,-1.7854,0.0649527,106.097,585.222,-21.2904,0.807619,0,-0.276053,-0.0694868,0.61262,-0.0380174,-18.6225,164.182,-10.1887,0.000192539,0.0265057,2.31897
0.57,0.0344275,-0.0229918,-0.157204,0.580618,0.93034,-0.22015,-0.273752,-0.0235463,-0.168495,0.347795,0.484746,0.263749,-0.0154628,0.457035,-0.0531376,-0.164915,0.234535,-0.0266503,-0.152694,-0.0182777,-0.15538,0.0117507,0.0741144,0.202812,-0.228631,0.014648,0.943859,2.00311,-0.383538,-0.115303,-0.346558,0.373036,1.69194,-0.218896,0.848259,0.402688,1.44146,-0.0638677,-0.0879398,-0.159704,-0.897685,1.61408,1.7098,-2.40151,-3.95555,-0.000318395,0.326707,1.2241,0.274031,2.3859,-2.06034,-1.97629,0.000779735,0.67668,-1.07698,-0.248643,-1.57481,0.455989,-0.789973,0.608975,-0.0585138,0.495169,-0.534496,0.443113,-0.30082,0.0428651,0.388687,-0.931298,-1.41942,0.104102,-2.50067,0.810912,40.638,-27.1897,0.892883,-21.2365,-75.2277,0.217126,0.00238611,-24.186,3.45735,0.474559,5.42593,5.04762,0.547842,-0.0122026,5.23811,-1.23337,-5.44594,-1.23589,-1.79587,-0.253594,0.712858,-0.0237491,2.10686,-1.43044,-0.0768241,1.86254,-0.0369713,0.188897,4.52486,7.20953,1.09447,2.42726,-1.28322,30.0236,-4.68573,-6.41497,50.0882,-58.3466,-26.8684,-1.82449e-05,-7.76127,9.29237,6.96387,-6.98448,24.8956,10.8687,7.48951e-06,1.96044,-3.99512,-5.75884,-11.2738,1.3749,1.28045,-15.4897,-0.319975,11.0565,0.51566,3.73426,7.8369,8.01505,0,0,1,1,0.299662,0,-0.173252,-0.300174,-1.54004,0.0518424,107.561,551.84,-18.5766,0.813987,0,-0.277237,-0.0836046,0.644409,-0.0329381,-25.8801,199.479,-10.1961,0.000183347,0.0263674,3.15514
0.58,0.0322575,-0.0140568,-0.152456,0.595142,0.929944,-0.221158,-0.272346,-0.0329917,-0.152996,0.369902,0.454896,0.221507,-0.015466,0.459526,-0.0399674,-0.161479,0.257695,-0.0447641,-0.17137,-0.0182699,-0.148417,0.000581432,0.0710521,0.185936,-0.223933,0.00687631,0.9484,2.00249,-0.37748,-0.120596,-0.341753,0.370811,1.69317,-0.217007,0.893508,0.474784,1.4524,-0.0395951,-0.100772,0.140532,-0.944543,1.54993,2.21069,-2.98497,-4.22423,-0.000318578,0.249095,1.31702,0.34367,2.31606,-1.81138,-1.8676,0.000779809,0.696284,-1.11693,-0.306231,-1.68755,0.469738,-0.777168,0.454078,-0.0617136,0.605733,-0.52934,0.480456,-0.222451,0.123016,0.309858,-0.853752,-1.73229,-0.0955157,-4.04534,1.39707,41.2558,-23.8178,0.917396,-21.5605,-70.8917,1.14302,0.00314415,-26.9253,1.67524,0.728563,3.21874,5.53868,1.00641,-0.0144351,5.40441,0.211755,-5.89019,-1.30382,-1.79752,-0.264377,0.701608,-0.0232564,2.02102,-1.33725,-0.072851,1.85837,-0.0370798,1.46725,3.60558,6.32635,0.652446,2.56664,-1.19951,34.3997,-4.37786,-6.70524,57.5682,-69.1692,-27.4208,-1.80053e-05,-10.2055,7.87846,5.44225,-8.15854,41.6154,13.9843,5.4722e-06,-0.678536,-3.19077,-5.87296,-7.85924,1.83494,2.63257,-18.1035,0.507317,10.5933,1.52625,2.47355,10.2445,7.77869,0,0,1,1,0.30207,0,-0.173173,-0.271894,-1.30157,0.0401323,107.366,513.966,-15.8475,0.819717,0,-0.278227,-0.0964782,0.674185,-0.0276144,-33.9386,237.161,-9.71405,0.000176033,0.0262384,4.70653
0.59,0.0302341,-0.00476113,-0.147076,0.609731,0.929804,-0.222285,-0.267501,-0.0428749,-0.138167,0.397765,0.418129,0.176522,-0.0154692,0.460996,-0.0260094,-0.157498,0.28004,-0.0587163,-0.188647,-0.0182621,-0.141522,-0.0109069,0.0674025,0.168275,-0.219052,-0.00063212,0.95113,2.00193,-0.370364,-0.125737,-0.336701,0.369611,1.69518,-0.202334,0.929564,0.538047,1.45893,-0.0139288,-0.112767,0.484529,-0.988321,1.48288,2.78637,-3.67666,-4.49844,-0.000318758,0.147039,1.39581,0.398093,2.23447,-1.39522,-1.72776,0.000779864,0.689499,-1.14884,-0.364961,-1.76614,0.488088,-0.750843,0.273043,-0.0566404,0.711666,-0.514077,0.505191,-0.120006,0.200802,0.0738565,-0.873384,-1.77868,-0.43199,-6.31373,2.24767,41.8312,-20.7077,0.97282,-22.3335,-65.5925,2.02904,0.00355997,-29.5998,-0.589908,1.14913,0.463255,5.81189,1.57646,-0.0158442,5.41177,1.63051,-6.36226,-1.31506,-1.79549,-0.280967,0.707641,-0.0239143,1.9499,-1.24625,-0.0673176,1.85379,-0.0366706,2.32719,3.32856,5.54258,0.167324,2.61136,-1.10824,38.9597,-4.80638,-7.14273,63.4696,-78.9517,-26.686,-1.746e-05,-12.4263,7.22867,4.32516,-9.7283,53.3378,16.4199,3.23443e-06,-2.82742,-2.99607,-6.4036,-4.21905,2.45496,3.81284,-20.5626,1.17249,10.0688,2.30772,1.37023,12.4975,7.64004,0,0,1,1,0.304501,0,-0.173069,-0.239823,-1.07454,0.0299971,105.379,472.159,-13.1809,0.824904,0,-0.279095,-0.107669,0.700992,-0.0219933,-42.5004,276.705,-8.68152,0.000170425,0.0261006,7.00241
0.6,0.0284435,0.00486736,-0.141141,0.624337,0.929926,-0.223524,-0.25876,-0.0532388,-0.124052,0.431976,0.373467,0.128869,-0.0154724,0.461224,-0.0113285,-0.153084,0.301412,-0.0673348,-0.204283,-0.0182543,-0.13491,-0.0226949,0.0631125,0.150192,-0.213926,-0.00775926,0.951805,2.00148,-0.36224,-0.130647,-0.331513,0.369661,1.69795,-0.179062,0.962849,0.593473,1.4606,0.0121848,-0.123849,0.874126,-1.03639,1.41145,3.42107,-4.46618,-4.7653,-0.000318933,0.0227765,1.46809,0.441344,2.13719,-0.861846,-1.56356,0.000779897,0.661224,-1.1788,-0.428997,-1.80833,0.512637,-0.712714,0.0674171,-0.0449155,0.812353,-0.491,0.518894,0.0049695,0.277203,-0.230057,-1.02723,-1.67533,-0.788556,-8.84101,3.12315,42.2137,-17.922,1.00999,-23.4449,-59.3991,2.82642,0.00337931,-31.9174,-3.37486,1.73955,-2.9296,5.82002,2.24018,-0.0163551,5.32114,2.99164,-6.86168,-1.25664,-1.8036,-0.307753,0.735631,-0.0258961,1.90186,-1.16656,-0.0602308,1.85091,-0.0356361,2.59833,3.66831,4.79374,-0.335012,2.54885,-1.0123,43.3014,-6.06929,-8.1349,66.8607,-85.6203,-23.4658,-1.99196e-05,-14.36,7.30846,3.45464,-12.5253,58.6906,18.4316,8.6073e-06,-4.24848,-3.35662,-7.21699,-0.516501,3.10695,4.80869,-22.687,1.64399,9.466,2.8276,0.580048,14.4514,7.65649,0,0,1,1,0.306988,0,-0.172932,-0.205172,-0.863104,0.0215187,101.547,427.182,-10.6504,0.829586,0,-0.279879,-0.116537,0.722376,-0.0161226,-51.202,317.386,-7.0837,0.000166017,0.0259325,9.61531
0.61,0.0269127,0.0148627,-0.134727,0.63891,0.930303,-0.224863,-0.245688,-0.0642096,-0.110751,0.472873,0.320244,0.0788697,-0.0154756,0.460016,0.0040833,-0.148325,0.321531,-0.0700842,-0.218075,-0.0182465,-0.128723,-0.0348186,0.0581008,0.132057,-0.208489,-0.0144055,0.95021,2.00119,-0.35317,-0.135274,-0.326266,0.371156,1.70149,-0.153079,0.999532,0.64141,1.45725,0.0376733,-0.133972,1.30714,-1.09708,1.3301,4.08967,-5.32238,-4.99996,-0.000319132,-0.120823,1.54118,0.475891,2.01194,-0.27494,-1.37924,0.000779983,0.61874,-1.21236,-0.501167,-1.81349,0.543707,-0.664628,-0.159452,-0.0284757,0.907013,-0.462724,0.524694,0.149484,0.353768,-0.656345,-1.30263,-1.64556,-1.04042,-10.9063,3.68355,42.1497,-15.3547,0.961575,-24.6798,-52.4452,3.47433,0.00237493,-33.624,-6.66093,2.47689,-6.94181,5.53239,2.9688,-0.0160098,5.1734,4.22692,-7.36813,-1.13034,-1.82377,-0.344468,0.785943,-0.0290649,1.87534,-1.11092,-0.0523917,1.84907,-0.0339749,2.2727,4.37653,3.94071,-0.825253,2.38628,-0.900776,46.7448,-7.93517,-9.64187,66.7722,-86.9012,-17.1445,-2.00006e-05,-15.974,7.74711,2.48715,-16.7333,57.5894,20.2729,5.85774e-06,-4.91434,-4.03579,-8.03312,3.05044,3.66749,5.56654,-24.2998,1.97905,8.78408,3.0661,0.261123,15.9926,7.79405,0,0,1,1,0.309569,0,-0.17275,-0.169348,-0.670908,0.0146876,95.9164,379.993,-8.31887,0.833782,0,-0.280599,-0.122263,0.734436,-0.0101744,-59.6473,358.303,-4.96368,0.000162244,0.0257153,11.7658
0.62,0.0256092,0.0252957,-0.127919,0.6534,0.930918,-0.226293,-0.227942,-0.0759738,-0.0984146,0.520447,0.25833,0.0271557,-0.0154788,0.45721,0.0202698,-0.143318,0.339977,-0.0670746,-0.229841,-0.0182387,-0.123027,-0.0473458,0.0522859,0.114227,-0.202685,-0.0204952,0.946186,2.0011,-0.343222,-0.139595,-0.320993,0.37425,1.70581,-0.130352,1.0433,0.680817,1.449,0.0615361,-0.14298,1.77459,-1.17643,1.23368,4.75739,-6.1914,-5.1714,-0.000319332,-0.280563,1.61865,0.500762,1.8446,0.300954,-1.17651,0.000780041,0.569596,-1.25272,-0.581498,-1.78299,0.580382,-0.608962,-0.40245,-0.00868513,0.994854,-0.432063,0.527305,0.30941,0.431708,-1.0765,-1.42606,-1.92212,-1.12806,-12.2542,4.07433,41.4038,-12.7628,0.73515,-25.7721,-44.9405,3.90929,0.000415579,-34.4902,-10.3911,3.32108,-11.4614,4.9374,3.72936,-0.0149518,5.0719,5.41185,-7.82043,-0.950027,-1.85611,-0.388685,0.853457,-0.0330114,1.86369,-1.08104,-0.0442098,1.84706,-0.0318438,1.51475,5.06072,2.83116,-1.27341,2.14135,-0.750291,48.5142,-9.87815,-11.2677,62.4393,-80.6024,-7.79865,-2.00674e-05,-17.2335,7.9635,1.08103,-21.9016,51.1198,22.103,3.69108e-06,-4.96966,-4.63788,-8.50096,6.27258,4.01903,5.99249,-25.252,2.30833,8.06227,3.02844,0.556063,17.0376,7.90583,0,0,1,1,0.31229,0,-0.172514,-0.133795,-0.50067,0.00941066,88.6475,331.724,-6.23513,0.837528,0,-0.281267,-0.124221,0.73366,-0.00443102,-67.4732,398.502,-2.4068,0.000158733,0.0254362,13.2259
0.63,0.0244571,0.0362347,-0.120827,0.667762,0.931748,-0.227798,-0.205345,-0.088726,-0.0872046,0.574265,0.188355,-0.0253382,-0.015482,0.452681,0.0372526,-0.138202,0.356233,-0.0589531,-0.239395,-0.0182309,-0.117828,-0.0603368,0.0456208,0.0970242,-0.196479,-0.0259855,0.939636,2.00125,-0.332467,-0.143612,-0.315664,0.379048,1.71092,-0.115205,1.0939,0.709129,1.43626,0.0829496,-0.150483,2.25973,-1.27521,1.121,5.38179,-6.99742,-5.24939,-0.000319532,-0.452898,1.69828,0.511573,1.62559,0.812152,-0.955483,0.000780078,0.5199,-1.2991,-0.666508,-1.72026,0.620572,-0.549037,-0.654971,0.0143981,1.07548,-0.401779,0.532866,0.479786,0.510767,-1.32243,-1.17788,-2.71862,-1.03939,-12.9927,4.45704,39.8034,-9.91219,0.23194,-26.451,-37.1681,4.08167,-0.00248041,-34.351,-14.4685,4.22546,-16.2951,4.04504,4.49136,-0.0133976,5.12857,6.59178,-8.15573,-0.735584,-1.89814,-0.436932,0.930515,-0.0371959,1.86104,-1.07313,-0.0358508,1.8445,-0.0295773,0.603726,5.25748,1.35147,-1.65298,1.84194,-0.540478,47.9524,-11.1841,-12.4319,53.5429,-65.0255,3.82978,-2.01155e-05,-18.0985,7.34362,-0.94486,-27.146,41.1459,23.9423,2.01067e-06,-4.67761,-4.69853,-8.31249,8.97624,4.06382,5.99,-25.4602,2.78951,7.37915,2.75695,1.54011,17.5363,7.74531,0,0,1,1,0.315213,0,-0.172211,-0.0997641,-0.353586,0.00552447,80.0211,283.613,-4.4312,0.840872,0,-0.281897,-0.122458,0.71956,0.000803848,-74.3911,437.119,0.488323,0.000155387,0.0250902,14.1521
0.64,0.0233655,0.0476995,-0.113601,0.68196,0.932762,-0.229357,-0.177953,-0.102596,-0.0772377,0.633437,0.111879,-0.0774491,-0.0154852,0.446342,0.0549698,-0.133181,0.369774,-0.046717,-0.246556,-0.0182231,-0.113097,-0.0737977,0.0381245,0.0807192,-0.189867,-0.0308769,0.93054,2.00167,-0.320974,-0.147355,-0.310181,0.385599,1.7168,-0.109167,1.14648,0.722644,1.41973,0.101369,-0.155888,2.73925,-1.38705,0.996685,5.91722,-7.64768,-5.21109,-0.000319734,-0.633884,1.77172,0.502124,1.35413,1.22361,-0.716061,0.000780098,0.473123,-1.34609,-0.749633,-1.6305,0.66121,-0.489137,-0.909573,0.0422932,1.14927,-0.374209,0.548267,0.655149,0.58822,-1.52221,-0.489999,-4.17284,-0.763733,-13.0365,4.59551,37.2397,-6.7121,-0.612607,-26.4782,-29.4659,3.98019,-0.00612573,-33.1714,-18.798,5.14844,-21.1861,2.88803,5.23139,-0.0115965,5.31446,7.72281,-8.32577,-0.506695,-1.94079,-0.483934,1.00952,-0.0410781,1.85887,-1.08651,-0.0281842,1.8403,-0.0276409,-0.168215,4.55205,-0.531623,-1.94553,1.5274,-0.269139,44.7215,-11.1152,-12.5843,40.3796,-39.4696,16.5007,-2.01208e-05,-18.5314,5.41526,-3.53356,-31.4523,29.7913,25.6851,5.55118e-07,-4.34663,-3.79751,-7.28968,11.0554,3.73968,5.49655,-24.9253,3.54588,6.84097,2.32873,3.18423,17.4628,7.0237,0,0,1,1,0.31842,0,-0.171822,-0.068239,-0.22955,0.00282864,70.4284,236.915,-2.9194,0.843867,0,-0.282501,-0.117642,0.694579,0.0053095,-80.1884,473.448,3.61913,0.000152337,0.0246802,14.5472
0.65,0.022257,0.0596195,-0.106428,0.695962,0.933928,-0.230943,-0.146088,-0.117579,-0.0685293,0.696647,0.031455,-0.12791,-0.0154884,0.43815,0.0732285,-0.128513,0.38017,-0.0315018,-0.251148,-0.0182153,-0.1088,-0.0876383,0.0298992,0.0655198,-0.182881,-0.0352186,0.918952,2.00245,-0.308797,-0.150864,-0.30438,0.393897,1.72338,-0.11085,1.192,0.717328,1.40028,0.116643,-0.158579,3.18647,-1.4982,0.870842,6.32101,-8.04237,-5.04609,-0.000319935,-0.819197,1.82587,0.466788,1.0396,1.52152,-0.45921,0.000780104,0.429657,-1.38406,-0.822529,-1.51995,0.698607,-0.434172,-1.15883,0.077752,1.21768,-0.350922,0.580109,0.829778,0.658457,-1.84725,0.680817,-6.18442,-0.394743,-12.8558,4.52909,33.7543,-3.31604,-1.77618,-25.7216,-22.1895,3.64277,-0.0101859,-31.0345,-23.3208,6.062,-25.8673,1.51611,5.93288,-0.00978423,5.5114,8.83578,-8.27883,-0.282,-1.97493,-0.523834,1.08181,-0.0441723,1.84515,-1.11181,-0.0217134,1.83169,-0.0264655,-0.569793,2.70756,-2.74252,-2.14496,1.22819,0.0514433,38.9383,-9.09818,-11.3972,23.8832,-4.73087,28.7425,-2.01101e-05,-18.4926,1.97727,-6.39855,-33.9768,18.9465,27.1327,-9.36407e-07,-4.23122,-1.65977,-5.42141,12.4751,3.02998,4.5034,-23.7208,4.61174,6.56228,1.84135,5.35342,16.7983,5.49792,0,0,1,1,0.322039,0,-0.171313,-0.039893,-0.127476,0.0011202,60.3331,192.791,-1.69417,0.846566,0,-0.283091,-0.110684,0.662266,0.00898117,-84.7226,506.927,6.87458,0.000149876,0.0242213,15.1017
0.66,0.0210915,0.0718103,-0.0995286,0.709751,0.935217,-0.232523,-0.110329,-0.13347,-0.0609606,0.762245,-0.0494418,-0.175497,-0.0154916,0.428109,0.0916849,-0.124485,0.387169,-0.0143919,-0.253027,-0.0182075,-0.104927,-0.101645,0.0211317,0.0515678,-0.175592,-0.03911,0.904992,2.00369,-0.295964,-0.154189,-0.298044,0.403875,1.73052,-0.116548,1.21908,0.689902,1.37883,0.128925,-0.158065,3.57585,-1.58919,0.75687,6.55984,-8.08968,-4.75866,-0.000320136,-1.00412,1.84564,0.402803,0.699835,1.71099,-0.187883,0.000780094,0.387345,-1.40066,-0.876744,-1.3952,0.728907,-0.389138,-1.39603,0.123869,1.2833,-0.332508,0.633643,0.997761,0.713436,-2.55229,2.00592,-8.41661,-0.0277652,-13.0274,4.5237,29.5317,-0.158447,-3.09719,-24.1786,-15.6668,3.1489,-0.0142357,-28.1323,-27.9527,6.94443,-30.0959,-0.0116519,6.58508,-0.00815048,5.52343,9.86558,-7.97634,-0.0735753,-1.99467,-0.552325,1.14185,-0.046208,1.80438,-1.13022,-0.0155213,1.81339,-0.0262251,-0.508409,-0.297505,-5.0973,-2.25777,0.963348,0.395887,31.1753,-4.89637,-8.87952,5.47711,36.5678,39.1589,-2.02175e-05,-17.9432,-2.82945,-9.09532,-34.255,9.92485,28.0256,-2.50873e-06,-4.46312,1.74861,-2.86703,13.2563,1.96618,3.0674,-21.9613,5.90487,6.63267,1.39314,7.82411,15.5337,3.06488,0,0,1,1,0.326271,0,-0.170624,-0.0150837,-0.0457207,0.000221031,50.2164,152.213,-0.735854,0.849022,0,-0.283671,-0.102547,0.62649,0.0118273,-87.9144,537.095,10.1396,0.000148411,0.0237406,16.4789
0.67,0.0198752,0.0839713,-0.0931393,0.723313,0.936603,-0.234064,-0.0714534,-0.149852,-0.0542798,0.828392,-0.126682,-0.219167,-0.0154948,0.416273,0.109858,-0.121366,0.390742,0.00371048,-0.252103,-0.0181997,-0.101499,-0.115477,0.0120776,0.0389415,-0.168106,-0.0426946,0.888835,2.00552,-0.282468,-0.157375,-0.290925,0.415406,1.73796,-0.121632,1.2161,0.638929,1.35625,0.138558,-0.154106,3.8876,-1.63815,0.668075,6.61462,-7.724,-4.36707,-0.000320338,-1.18356,1.81735,0.31185,0.357285,1.81024,0.0923722,0.000780069,0.342714,-1.38317,-0.905414,-1.26263,0.748568,-0.358464,-1.61565,0.182918,1.34963,-0.318577,0.711885,1.1531,0.744085,-3.90461,2.94554,-10.444,0.312552,-13.5377,4.60655,24.8587,2.23616,-4.29782,-21.955,-10.1545,2.5948,-0.017827,-24.7306,-32.5861,7.77929,-33.6843,-1.6361,7.18154,-0.00682216,5.14661,10.6613,-7.41083,0.108675,-1.99721,-0.566893,1.1882,-0.04721,1.71887,-1.12449,-0.00827172,1.77916,-0.0268845,-0.0349772,-4.23353,-7.33694,-2.2991,0.746954,0.724128,22.2985,1.26161,-5.41753,-13.2087,80.0806,46.8172,-2.04844e-05,-16.8895,-8.51198,-11.1192,-32.3023,3.31306,28.0575,-4.09188e-06,-5.04322,6.1767,0.0694342,13.4458,0.62071,1.31293,-19.7596,7.20989,7.07892,1.0636,10.3272,13.7015,-0.236512,0,0,1,1,0.331482,0,-0.169645,0.0061345,0.0175485,-2.27321e-06,40.5134,115.894,-0.0150127,0.851288,0,-0.28425,-0.0941822,0.5914,0.0139681,-89.7483,563.559,13.3106,0.00014838,0.0232743,18.3735
0.68,0.0186554,0.0957089,-0.0874837,0.736646,0.938063,-0.235533,-0.0303475,-0.166107,-0.0481408,0.893217,-0.195914,-0.258156,-0.015498,0.402749,0.127181,-0.11936,0.391084,0.0221442,-0.248374,-0.0181919,-0.0985767,-0.128691,0.0030304,0.0276597,-0.160559,-0.046148,0.870703,2.00807,-0.268264,-0.160454,-0.282773,0.428307,1.74537,-0.121981,1.17377,0.56556,1.33326,0.146028,-0.146865,4.11059,-1.62553,0.6139,6.48253,-6.9232,-3.8989,-0.000320543,-1.35245,1.73223,0.200657,0.0342621,1.84337,0.372947,0.000780028,0.292282,-1.32141,-0.904719,-1.12817,0.754776,-0.345334,-1.81324,0.255017,1.42042,-0.307941,0.815157,1.29011,0.741719,-5.86936,3.1423,-11.8686,0.625535,-14.1582,4.69905,20.1002,3.50721,-5.08021,-19.2341,-5.80969,2.06643,-0.0205503,-21.1096,-37.0939,8.55105,-36.5215,-3.30764,7.71682,-0.00585685,4.32496,11.1468,-6.60209,0.251018,-1.98601,-0.56729,1.22057,-0.0474007,1.57214,-1.08012,0.00140474,1.72406,-0.0281849,0.713038,-8.65986,-9.18005,-2.28641,0.583304,0.992674,13.2306,8.71935,-1.64761,-30.6778,120.249,51.3452,-2.08543e-05,-15.4184,-14.3429,-12.0135,-28.5666,-0.957325,26.9215,-5.61163e-06,-5.86801,11.1533,3.01032,13.0883,-0.910974,-0.585325,-17.194,8.23182,7.83713,0.905605,12.5808,11.405,-4.15592,0,0,1,1,0.338379,0,-0.16816,0.0240926,0.064318,0.000382941,31.5665,84.2706,0.501736,0.85342,0,-0.284834,-0.0863578,0.560607,0.0155927,-90.2667,585.983,16.2985,0.000150057,0.0228624,20.2019
0.69,0.0175068,0.106581,-0.0827461,0.74975,0.939582,-0.236902,0.0120815,-0.181491,-0.0421666,0.954974,-0.253121,-0.292011,-0.0155012,0.387683,0.143069,-0.118555,0.38857,0.0404821,-0.241952,-0.0181841,-0.0962406,-0.140789,-0.00571576,0.0176868,-0.153102,-0.0496598,0.850851,2.01144,-0.253276,-0.163443,-0.273364,0.442348,1.75238,-0.114851,1.08717,0.473759,1.3104,0.151861,-0.136938,4.2429,-1.53834,0.597424,6.17575,-5.72071,-3.38545,-0.000320751,-1.50663,1.5888,0.0805227,-0.251404,1.83379,0.642162,0.000779972,0.233601,-1.20987,-0.874616,-0.997292,0.745666,-0.351188,-1.98518,0.337335,1.49879,-0.298885,0.940965,1.40416,0.70016,-8.00269,2.59871,-12.4195,0.922017,-14.7177,4.74963,15.6267,3.59571,-5.24185,-16.2219,-2.67911,1.62337,-0.022101,-17.5133,-41.3131,9.23787,-38.5744,-4.98905,8.18093,-0.00525067,3.23562,11.3818,-5.59521,0.334173,-1.97447,-0.556412,1.2375,-0.0470781,1.35142,-0.982941,0.0151481,1.64584,-0.0296485,1.6386,-12.9887,-10.4017,-2.22969,0.471263,1.16591,4.65022,16.4554,1.70775,-45.8446,151.374,53.0031,-2.12108e-05,-13.8055,-19.4779,-11.4779,-23.8273,-3.4133,24.3548,-7.0116e-06,-6.83332,16.0549,5.59558,12.2124,-2.53685,-2.4258,-14.2927,8.67161,8.74415,0.953433,14.313,8.83945,-8.23018,0,0,1,1,0.348522,0,-0.165677,0.0396096,0.0964901,0.00142383,23.6088,57.5118,0.848657,0.855475,0,-0.285426,-0.0795496,0.536531,0.0168963,-89.5671,604.095,19.024,0.00015329,0.0242467,21.5652
0.7,0.0165222,0.116153,-0.0790487,0.762631,0.941147,-0.238155,0.0549755,-0.195228,-0.0360216,1.01215,-0.295191,-0.320565,-0.0155044,0.371236,0.157009,-0.118897,0.383674,0.0584787,-0.233095,-0.0181763,-0.094588,-0.151283,-0.0139024,0.00893512,-0.145899,-0.0534143,0.82957,2.01568,-0.237414,-0.166336,-0.262523,0.457274,1.75855,-0.098465,0.95728,0.369742,1.2881,0.156574,-0.125279,4.2894,-1.37379,0.614501,5.71731,-4.20697,-2.85542,-0.000320964,-1.64469,1.39402,-0.0342566,-0.489677,1.79966,0.88571,0.000779902,0.165268,-1.04932,-0.81866,-0.875167,0.720297,-0.375446,-2.12811,0.424051,1.58623,-0.289351,1.08409,1.49256,0.617858,-9.64393,1.58621,-12.0029,1.21893,-15.195,4.77152,11.7419,2.74589,-4.75718,-13.1043,-0.705133,1.29514,-0.0223419,-14.108,-45.0537,9.80802,-39.8795,-6.65653,8.56548,-0.00495162,2.20584,11.4876,-4.45723,0.345353,-1.97707,-0.538579,1.23836,-0.0465832,1.05885,-0.828748,0.0337142,1.54813,-0.030762,2.64116,-16.6717,-10.8205,-2.13223,0.400106,1.22335,-3.02758,23.3984,4.00004,-58.123,168.878,52.4486,-2.14417e-05,-12.3438,-23.2095,-9.39434,-18.9352,-4.77556,20.2683,-8.27048e-06,-7.81101,20.293,7.50715,10.8511,-4.15911,-4.01921,-11.0719,8.29695,9.57969,1.20607,15.2947,6.27316,-11.8497,0,0,1,1,0.366027,0,-0.160864,0.0542696,0.115043,0.00342809,16.7674,35.5444,1.05916,0.857508,0,-0.28603,-0.0739783,0.520522,0.0180473,-87.792,617.718,21.4172,0.000157437,0.0265337,22.2426
0.71,0.0158017,0.124059,-0.0764333,0.775299,0.942753,-0.239286,0.0975667,-0.206626,-0.0294766,1.06351,-0.320372,-0.343874,-0.0155076,0.353554,0.168628,-0.120179,0.376883,0.0759978,-0.222211,-0.0181685,-0.0937164,-0.159747,-0.0213383,0.00126856,-0.139112,-0.0575707,0.807182,2.02075,-0.220593,-0.169109,-0.250152,0.472827,1.76355,-0.0720533,0.790562,0.261538,1.26678,0.160575,-0.113045,4.25912,-1.1398,0.654502,5.13608,-2.51819,-2.33093,-0.000321178,-1.76813,1.16193,-0.1282,-0.679029,1.75191,1.08839,0.000779819,0.087158,-0.846394,-0.743589,-0.766657,0.678706,-0.415638,-2.23883,0.507021,1.68203,-0.27729,1.23704,1.55529,0.499361,-5.11845,-1.78169,-8.47058,1.71158,-15.5707,5.39193,12.1059,0.590426,-3.32183,-9.29005,3.07104,-0.176708,-0.0212511,-11.6751,-48.2151,10.2448,-40.3844,-8.30549,8.86062,-0.00473015,2.44511,11.7154,-3.23251,0.0742097,-1.96354,-0.499559,1.13516,-0.0432233,0.581085,-0.580474,0.0611102,1.38024,-0.0294,3.58486,-19.2784,-10.3125,-2.16762,0.0636087,1.15048,-9.63961,28.6722,4.77366,-67.3826,170.411,50.4296,-2.12802e-05,-11.2494,-25.1393,-5.85762,-14.6039,-5.71622,14.8397,-8.75637e-06,-8.67659,23.456,8.51236,9.0644,-5.67146,-5.22289,-7.57459,6.99403,10.1243,1.62228,15.3721,3.99299,-14.3889,0,0,0,1,0,0,0,0,0,0,0,0,0,0.85957,0,-0.286644,-0.0696477,0.512908,0.0191639,-85.1125,626.795,23.4191,0.000161697,0.0277769,19.3797
0.72,0.0154396,0.130037,-0.0748492,0.78775,0.944365,-0.240301,0.139194,-0.215157,-0.0224542,1.10813,-0.328513,-0.362141,-0.0155108,0.334748,0.177734,-0.122047,0.368633,0.0929452,-0.209843,-0.0181607,-0.0937125,-0.165865,-0.0279229,-0.00549157,-0.132892,-0.0622493,0.784036,2.02652,-0.202761,-0.17172,-0.236245,0.488779,1.7671,-0.0362047,0.597778,0.158412,1.2451,0.161211,-0.101541,4.16273,-0.85308,0.702238,4.46225,-0.814078,-1.82664,-0.000321391,-1.88062,0.910534,-0.186776,-0.825067,1.69474,1.23679,0.000779732,0.000392103,-0.611834,-0.658465,-0.676013,0.621992,-0.467867,-2.31457,0.576961,1.78327,-0.261067,1.39076,1.59522,0.355472,-3.83534,-1.71417,-6.73217,2.02096,-15.3564,5.32472,11.0271,-0.758251,-2.13212,-9.57984,2.8823,-0.178081,-0.019282,-8.49151,-50.5335,10.4727,-40.4858,-9.92535,9.06029,-0.0049089,2.02614,11.8339,-2.07751,0.0635257,-2.03243,-0.487979,1.16522,-0.0451293,0.251165,-0.39769,0.0796265,1.30145,-0.0297279,4.40937,-20.7157,-8.85296,-1.91257,0.242317,0.982861,-15.1961,31.7093,3.84025,-73.8245,156.426,47.5108,-2.08589e-05,-10.5952,-25.1979,-1.19325,-11.2937,-6.70198,8.52497,-9.67622e-06,-9.27887,25.2741,8.48991,6.95166,-6.96494,-5.96233,-3.89531,4.78337,10.2204,2.12593,14.497,2.23624,-15.3694,0,0,0,1,0,0,0,0,0,0,0,0,0,0.861707,0,-0.28727,-0.0664172,0.513238,0.020307,-81.7108,631.419,24.983,0.000165491,0.0289053,18.1996
0.73,0.0155185,0.133943,-0.0741504,0.800009,0.946002,-0.241218,0.179302,-0.220517,-0.0150478,1.14537,-0.321011,-0.375656,-0.015514,0.314883,0.184319,-0.124034,0.359253,0.109222,-0.196623,-0.0181529,-0.0946364,-0.169456,-0.0336586,-0.0115565,-0.127369,-0.0675242,0.760501,2.03277,-0.183906,-0.174118,-0.220887,0.504955,1.76912,0.007889,0.390621,0.0698826,1.22597,0.163634,-0.091712,4.01077,-0.535987,0.740641,3.724,0.750187,-1.35153,-0.000321599,-1.98657,0.658556,-0.198709,-0.938005,1.62772,1.32204,0.000779635,-0.0923966,-0.359093,-0.573566,-0.606496,0.552342,-0.52749,-2.35353,0.624795,1.88547,-0.239808,1.53573,1.61758,0.201778,-1.54937,-1.30659,-4.63521,2.40084,-14.8117,5.37922,10.3048,-1.7706,-1.0162,-9.54003,2.53832,-0.169157,-0.0166367,-5.66997,-52.0273,10.4956,-40.0801,-11.523,9.16905,-0.0051112,2.3064,11.9743,-1.01229,0.00484112,-2.10784,-0.474617,1.17767,-0.047239,-0.0586532,-0.207919,0.0972035,1.23387,-0.0290525,4.9851,-20.9342,-6.53178,-1.63256,0.353521,0.740998,-19.8081,32.3194,1.29052,-77.8193,130.026,43.937,-1.98224e-05,-10.3356,-23.6448,4.07923,-9.16496,-7.94233,1.97382,-1.03343e-05,-9.53922,25.7281,7.48198,4.6539,-7.94008,-6.23117,-0.180012,1.78952,9.80492,2.61972,12.745,1.13382,-14.6015,0,0,0,1,0,0,0,0,0,0,0,0,0,0.863956,0,-0.287902,-0.0641217,0.520978,0.0215034,-77.7657,631.834,26.0789,0.000168812,0.0301225,16.7236
0.74,0.0160959,0.135756,-0.0741047,0.812106,0.947673,-0.242061,0.217428,-0.222645,-0.00751234,1.17483,-0.300507,-0.384778,-0.0155173,0.293983,0.18854,-0.125613,0.348956,0.124705,-0.183205,-0.0181451,-0.0965143,-0.170474,-0.038646,-0.0171561,-0.122639,-0.0734223,0.736947,2.0392,-0.164071,-0.176254,-0.204256,0.521244,1.76968,0.05774,0.181279,0.00456481,1.20965,0.167169,-0.084302,3.81268,-0.212794,0.753546,2.94581,2.05045,-0.912157,-0.000321798,-2.08993,0.422108,-0.157916,-1.02965,1.5483,1.34178,0.000779532,-0.187789,-0.101812,-0.498747,-0.559957,0.472941,-0.589802,-2.35533,0.64269,1.98352,-0.21361,1.66318,1.62892,0.0557628,0.61552,-0.681794,-2.6669,2.74212,-11.9971,4.85167,9.66086,-2.32198,-0.161357,-9.1169,2.09532,-0.149584,-0.0136904,-3.23853,-52.7054,10.305,-39.2004,-13.0948,9.19956,-0.00529349,2.88647,11.8939,-0.0906169,-0.0656919,-2.17313,-0.459502,1.1833,-0.0496701,-0.324659,-0.0502133,0.109454,1.18318,-0.0275695,5.17453,-20.0753,-3.58469,-1.33935,0.415918,0.452722,-23.5738,30.6304,-2.51447,-79.7839,96.1038,39.6413,-1.6539e-05,-10.2954,-20.9312,9.27135,-8.09647,-9.37403,-4.02973,-1.04658e-05,-9.40467,24.9037,5.68661,2.33429,-8.51992,-6.09515,3.38803,-1.69903,8.918,2.99988,10.3172,0.686699,-12.2228,0,0,0,1,0,0,0,0,0,0,0,0,0,0.866348,0,-0.28854,-0.0626285,0.535907,0.0227662,-73.4409,628.427,26.6966,0.000171874,0.0310388,13.5257
0.75,0.0171908,0.135561,-0.0744175,0.824068,0.949387,-0.242859,0.253198,-0.22171,-0.000228331,1.19631,-0.270392,-0.389935,-0.0155205,0.272054,0.190668,-0.126265,0.33785,0.139251,-0.17019,-0.0181373,-0.0993327,-0.169002,-0.0430648,-0.0225222,-0.118762,-0.0799298,0.713733,2.04545,-0.143344,-0.17809,-0.186592,0.537602,1.76901,0.109485,-0.0194735,-0.031282,1.19626,0.171328,-0.0797748,3.57695,0.0935102,0.728401,2.14797,3.01149,-0.515744,-0.000321963,-2.19288,0.212796,-0.0652029,-1.11062,1.45456,1.30148,0.000779427,-0.281836,0.147225,-0.44188,-0.536614,0.387742,-0.650753,-2.32145,0.6257,2.0727,-0.183612,1.76635,1.63579,-0.0664655,2.15283,-0.293819,-1.21609,2.49071,-6.7149,2.44446,8.91363,-2.41439,0.336654,-8.35237,1.619,-0.122769,-0.0107938,-1.13759,-52.6409,9.90601,-37.8992,-14.6423,9.17339,-0.00543728,3.58415,11.1914,0.628026,-0.130838,-2.2044,-0.441361,1.18793,-0.0522037,-0.524392,0.0410379,0.112786,1.15239,-0.025653,4.92453,-18.3591,-0.366712,-1.05566,0.427669,0.141353,-26.5056,27.0186,-7.01207,-80.107,60.1305,34.425,-1.06709e-05,-10.1932,-17.5755,13.6428,-7.76627,-10.7452,-8.74058,-1.07393e-05,-8.81377,22.9591,3.42221,0.152973,-8.66322,-5.67553,6.61751,-5.235,7.68258,3.1739,7.51306,0.788314,-8.67111,0,0,0,1,0,0,0,0,0,0,0,0,0,0.868906,0,-0.289179,-0.0618696,0.55841,0.0241145,-68.8824,621.704,26.8479,0.000174796,0.0316219,7.96674
0.76,0.0187781,0.13353,-0.074767,0.835925,0.951143,-0.243643,0.286317,-0.218073,0.00635447,1.20978,-0.234264,-0.39165,-0.0155237,0.249106,0.191039,-0.125553,0.325967,0.152722,-0.15805,-0.0181295,-0.103032,-0.165234,-0.0471414,-0.0278731,-0.115751,-0.0870049,0.69118,2.05119,-0.121848,-0.179609,-0.168177,0.554038,1.76748,0.158731,-0.203065,-0.0349492,1.1857,0.175605,-0.0783612,3.31189,0.363696,0.65828,1.3469,3.61279,-0.171494,-0.00032207,-2.29481,0.0370406,0.0712248,-1.18828,1.34711,1.21407,0.00077932,-0.369973,0.376816,-0.407658,-0.535084,0.30111,-0.707508,-2.25527,0.57335,2.14953,-0.151873,1.84148,1.64367,-0.153177,4.87447,0.231039,0.233033,2.36441,-5.79725,1.56494,8.2987,-2.1701,0.475742,-7.49464,1.17466,-0.0949331,-0.00824898,1.03811,-51.9745,9.3218,-36.3675,-16.1702,9.11791,-0.00550438,4.79375,10.3441,1.24595,-0.135288,-2.22685,-0.426402,1.19605,-0.0545438,-0.631024,0.116944,0.113041,1.14554,-0.0237299,4.38708,-15.9478,2.78783,-0.780897,0.29036,-0.108318,-28.4985,22.0225,-11.5349,-79.1214,26.9295,28.1522,-7.83869e-06,-9.69006,-14.0675,16.5504,-7.75836,-11.7338,-11.6346,-1.17957e-05,-7.66787,20.1276,1.10625,-1.74581,-8.36968,-5.12048,9.34342,-8.27465,6.25412,3.07731,4.67692,1.27176,-4.58031,0,0,0,1,0,0,0,0,0,0,0,0,0,0.871648,0,-0.289815,-0.0618348,0.589522,0.0255817,-64.2186,612.248,26.5679,0.000177577,0.0318796,8.09418
0.77,0.0208041,0.129905,-0.0748377,0.847704,0.952928,-0.244437,0.316586,-0.212234,0.0117838,1.21533,-0.195443,-0.39055,-0.0155269,0.225189,0.190002,-0.123186,0.313308,0.16502,-0.147072,-0.0181217,-0.107499,-0.159453,-0.0511074,-0.0333985,-0.113577,-0.094592,0.669562,2.05609,-0.0997278,-0.18082,-0.149295,0.570602,1.76549,0.202601,-0.362543,-0.00707087,1.17789,0.178509,-0.0794444,3.02691,0.583921,0.542931,0.555687,3.88209,0.110028,-0.000322148,-2.39172,-0.103635,0.236729,-1.26587,1.22977,1.09773,0.000779202,-0.446652,0.578091,-0.396596,-0.552542,0.217413,-0.758713,-2.16184,0.490603,2.21207,-0.121099,1.88825,1.65639,-0.19898,7.30767,0.696483,1.39559,2.77657,-6.42139,1.60863,7.60555,-1.73194,0.334898,-6.5484,0.802022,-0.0714017,-0.00621207,3.20511,-50.8298,8.59084,-34.5827,-17.6806,9.06124,-0.0055241,5.81679,9.25119,1.79303,-0.0606524,-2.23269,-0.412911,1.21333,-0.0562575,-0.660871,0.151702,0.107001,1.15449,-0.0222187,3.47738,-13.0399,5.48968,-0.53309,0.0446652,-0.276546,-29.4655,16.2441,-15.4327,-77.0714,-0.194177,20.8845,-6.28323e-06,-8.5462,-10.754,17.5865,-7.63378,-12.0614,-12.5322,-1.29078e-05,-6.01864,16.6235,-0.87023,-3.26135,-7.67878,-4.57438,11.4492,-10.2899,4.78768,2.67885,2.13333,1.96304,-0.62925,0,0,0,1,0,0,0,0,0,0,0,0,0,0.874586,0,-0.29045,-0.0625418,0.630764,0.0272128,-59.5591,600.681,25.9149,0.00018017,0.0318621,10.3618
0.78,0.0231778,0.124976,-0.0743595,0.85943,0.954717,-0.245259,0.343908,-0.20477,0.0156698,1.21318,-0.156642,-0.387361,-0.0155301,0.200417,0.18789,-0.11906,0.299886,0.176111,-0.137348,-0.0181139,-0.112567,-0.152009,-0.0551604,-0.0392501,-0.11217,-0.102637,0.649088,2.05997,-0.0771283,-0.181763,-0.130199,0.587362,1.76344,0.237375,-0.492942,0.047826,1.17256,0.178955,-0.0822099,2.73225,0.746362,0.388605,-0.215028,3.88014,0.318873,-0.000322211,-2.47718,-0.211174,0.412594,-1.3422,1.10916,0.972406,0.000779073,-0.506838,0.744327,-0.405298,-0.585156,0.140625,-0.804457,-2.04735,0.387705,2.25995,-0.094311,1.90959,1.67602,-0.205272,8.82123,0.796238,2.13647,3.25905,-7.15774,1.7875,6.75016,-1.24681,0.0298128,-5.54273,0.520962,-0.0563682,-0.00474167,5.3056,-49.3293,7.76252,-32.5532,-19.1751,9.02769,-0.00552869,6.37808,7.79492,2.27908,0.0780387,-2.21437,-0.398934,1.23784,-0.0568748,-0.639543,0.127062,0.0924925,1.16918,-0.0213967,2.20599,-9.83746,7.42524,-0.337304,-0.280472,-0.357155,-29.3572,10.28,-18.1907,-74.1456,-19.7644,12.9433,-4.87331e-06,-6.63308,-7.82584,16.6682,-7.04685,-11.5725,-11.6271,-1.39393e-05,-3.956,12.6585,-2.21602,-4.3436,-6.6606,-4.14843,12.8856,-10.9226,3.40859,1.98521,0.127226,2.71653,2.60611,0,0,0,1,0,0,0,0,0,0,0,0,0,0.877728,0,-0.291082,-0.0640011,0.683876,0.0290547,-54.9949,587.641,24.9661,0.000182525,0.0316412,12.1681
0.79,0.0257722,0.119062,-0.0731387,0.871122,0.956479,-0.246117,0.368295,-0.196279,0.0177368,1.20362,-0.119817,-0.382878,-0.0155334,0.174982,0.184996,-0.113267,0.28576,0.186046,-0.128787,-0.0181061,-0.118031,-0.1433,-0.0594349,-0.045536,-0.11143,-0.111096,0.629903,2.06275,-0.054188,-0.182508,-0.11109,0.604394,1.76165,0.259435,-0.591317,0.122078,1.16919,0.17615,-0.0857814,2.43868,0.849162,0.206698,-0.956484,3.6825,0.448306,-0.00032226,-2.54351,-0.289433,0.579276,-1.41267,0.993431,0.856135,0.000778933,-0.546398,0.870911,-0.427458,-0.628592,0.0740194,-0.845941,-1.91849,0.278478,2.29403,-0.0744589,1.91086,1.70318,-0.179211,9.48711,0.435273,2.51937,3.72145,-7.83733,2.00054,5.78671,-0.82876,-0.32269,-4.52638,0.333132,-0.0519099,-0.0038155,7.34125,-47.6093,6.8938,-30.3284,-20.6597,9.03549,-0.00553825,6.46172,6.04282,2.72516,0.265581,-2.17041,-0.383362,1.26753,-0.0563145,-0.588269,0.0406736,0.0688868,1.18228,-0.021439,0.678483,-6.52718,8.42481,-0.202315,-0.664957,-0.34704,-28.2324,4.66053,-19.512,-70.4999,-31.9097,4.91561,-3.47638e-06,-3.98881,-5.34056,14.0497,-5.81088,-10.2706,-9.41295,-1.49089e-05,-1.6288,8.45033,-2.78213,-4.98995,-5.40249,-3.89456,13.6812,-10.1704,2.19666,1.03989,-1.21508,3.42506,4.75316,0,0,0,1,0,0,0,0,0,0,0,0,0,0.881079,0,-0.29171,-0.0661789,0.750459,0.031143,-50.5962,573.754,23.81,0.000184545,0.0312786,13.2596
0.8,0.0284344,0.112497,-0.0710754,0.882793,0.958174,-0.247009,0.389859,-0.187321,0.0178526,1.187,-0.0861827,-0.377903,-0.0155366,0.149148,0.181568,-0.106069,0.271052,0.194953,-0.121167,-0.0180983,-0.123658,-0.133746,-0.0639877,-0.0523209,-0.11123,-0.119945,0.612087,2.06452,-0.031028,-0.183148,-0.092103,0.621769,1.76033,0.26622,-0.656588,0.206326,1.16716,0.169501,-0.0892518,2.15635,0.895767,0.0115776,-1.66148,3.3634,0.497462,-0.000322294,-2.5834,-0.342838,0.719772,-1.47078,0.890726,0.762005,0.000778784,-0.562686,0.955415,-0.45528,-0.678491,0.0199945,-0.884887,-1.78168,0.176774,2.316,-0.06406,1.89871,1.73743,-0.13168,9.60089,-0.311606,2.65048,4.17475,-8.50458,2.2448,4.80515,-0.533415,-0.633152,-3.53473,0.226462,-0.0575724,-0.00335003,9.30924,-45.8127,6.04259,-27.9727,-22.1411,9.0966,-0.00556083,6.17018,4.15145,3.1458,0.484334,-2.09807,-0.36458,1.30078,-0.054896,-0.52584,-0.102655,0.0362322,1.18848,-0.0223746,-0.943296,-3.28417,8.47172,-0.124965,-1.0837,-0.253323,-26.2959,-0.198591,-19.3494,-66.2764,-37.806,-2.38295,-5.31798e-06,-0.830267,-3.26392,10.2533,-3.92304,-8.30974,-6.53971,-8.04023e-06,0.751236,4.21903,-2.57882,-5.23928,-3.99813,-3.78348,13.9437,-8.4204,1.1884,-0.0811071,-1.89737,4.0131,5.67664,0,0,0,1,0,0,0,0,0,0,0,0,0,0.88463,0,-0.292339,-0.0689866,0.831828,0.0335012,-46.4109,559.614,22.538,0.000186107,0.0307998,13.9318
0.81,0.0310022,0.105602,-0.068165,0.894452,0.95976,-0.247927,0.408793,-0.178383,0.0160334,1.16376,-0.0563293,-0.373167,-0.0155398,0.123231,0.177813,-0.0978461,0.255952,0.203029,-0.114201,-0.0180905,-0.12921,-0.12377,-0.0687984,-0.0596297,-0.11143,-0.129172,0.595664,2.06545,-0.00774914,-0.183797,-0.0733057,0.639544,1.75958,0.256787,-0.68943,0.291044,1.16591,0.158664,-0.091785,1.8934,0.893781,-0.181917,-2.32425,2.98534,0.473633,-0.000322348,-2.5917,-0.375478,0.822305,-1.51001,0.807628,0.696608,0.000778704,-0.555174,0.997605,-0.481068,-0.730884,-0.0199868,-0.922722,-1.64224,0.0925703,2.32788,-0.0648711,1.87974,1.77756,-0.0749131,9.49553,-1.27351,2.61837,4.56169,-9.10498,2.49904,3.88321,-0.36144,-0.852367,-2.58442,0.182063,-0.0708727,-0.00323013,11.1872,-44.0695,5.25853,-25.552,-23.6287,9.21308,-0.00559539,5.67058,2.29822,3.53974,0.712642,-1.99664,-0.34149,1.33537,-0.053049,-0.467926,-0.290143,-0.00412865,1.18454,-0.0240807,-2.46295,-0.269747,7.6875,-0.0938744,-1.50428,-0.092572,-23.8868,-4.02784,-17.8856,-61.6217,-39.0463,-7.99804,-4.7889e-06,2.48047,-1.51866,5.94483,-1.54925,-5.95147,-3.64905,-9.48285e-06,2.93415,0.176816,-1.755,-5.16196,-2.53924,-3.74434,13.8331,-6.18063,0.386288,-1.27497,-2.04047,4.42367,5.45382,0,0,0,1,0,0,0,0,0,0,0,0,0,0.888364,0,-0.292967,-0.0722647,0.928826,0.0361389,-42.4623,545.772,21.235,0.000187173,0.0301936,14.4429
0.82,0.0333238,0.0986809,-0.0644858,0.906102,0.961197,-0.248854,0.425338,-0.169848,0.0124257,1.13436,-0.0303805,-0.36923,-0.015543,0.0975624,0.173906,-0.0890286,0.240697,0.21051,-0.1076,-0.0180828,-0.134468,-0.113776,-0.0737846,-0.0674548,-0.111884,-0.138774,0.580625,2.06575,0.0155683,-0.184573,-0.0547124,0.657762,1.75938,0.232157,-0.692128,0.367919,1.16497,0.143621,-0.0927108,1.65453,0.853503,-0.360773,-2.94046,2.59488,0.393652,-0.000322396,-2.56689,-0.390664,0.881753,-1.5255,0.748113,0.660118,0.000778609,-0.525832,0.999373,-0.498618,-0.782504,-0.0453792,-0.960165,-1.50391,0.030764,2.33175,-0.0776208,1.85933,1.8218,-0.0203749,9.41725,-2.26109,2.47215,4.89365,-9.68203,2.76339,3.06166,-0.272969,-0.973117,-1.67695,0.180182,-0.0881259,-0.00333607,12.9402,-42.4681,4.57533,-23.1267,-25.1332,9.38121,-0.0056333,5.11143,0.637601,3.88991,0.929258,-1.86935,-0.31409,1.36845,-0.05115,-0.423614,-0.500079,-0.0490486,1.16949,-0.0263237,-3.68632,2.37744,6.29247,-0.0906892,-1.89478,0.112962,-21.415,-6.71276,-15.48,-56.6876,-37.1467,-10.9744,-4.26205e-06,5.51577,-0.028124,1.78553,1.02897,-3.4999,-1.23206,-1.08747e-05,4.67681,-3.48304,-0.54634,-4.84839,-1.11008,-3.69785,13.5336,-3.91197,-0.229477,-2.42168,-1.84782,4.60964,4.31331,0,0,0,1,0,0,0,0,0,0,0,0,0,0.892252,0,-0.293595,-0.0757749,1.04176,0.0390581,-38.7492,532.727,19.9732,0.00018787,0.0294346,15.0078
0.83,0.0352768,0.0919974,-0.0601774,0.917743,0.962443,-0.24977,0.439742,-0.161984,0.00726996,1.09928,-0.00814634,-0.366391,-0.0155463,0.072445,0.169997,-0.0800325,0.225544,0.217642,-0.101122,-0.018075,-0.139259,-0.104131,-0.0788254,-0.0757647,-0.112449,-0.148745,0.566939,2.06567,0.0388628,-0.185592,-0.0363038,0.676441,1.75961,0.195294,-0.668353,0.430843,1.16407,0.124673,-0.0915811,1.44038,0.786375,-0.515572,-3.50734,2.22341,0.283908,-0.000322438,-2.51174,-0.390945,0.899608,-1.51521,0.713114,0.647797,0.0007785,-0.479064,0.964543,-0.504081,-0.830988,-0.05648,-0.997144,-1.36857,-0.00835566,2.32945,-0.101838,1.84085,1.8679,0.0227582,9.44633,-3.11523,2.21961,5.15,-10.1988,3.01422,2.33121,-0.206868,-1.01999,-0.800508,0.203911,-0.105437,-0.00356338,14.5226,-41.0515,4.00872,-20.7456,-26.6644,9.59124,-0.005665,4.58916,-0.725395,4.16945,1.11425,-1.72394,-0.283525,1.39657,-0.0494397,-0.396881,-0.705091,-0.0938886,1.14411,-0.0288228,-4.46043,4.55502,4.55174,-0.0958584,-2.2262,0.337919,-19.2735,-8.28142,-12.5869,-51.6224,-33.2905,-10.5398,-3.69146e-06,7.8768,1.25817,-1.69902,3.48802,-1.237,0.444255,-1.22119e-05,5.79211,-6.60029,0.78888,-4.39641,0.214119,-3.57914,13.2222,-1.94523,-0.69046,-3.39465,-1.56132,4.52996,2.56396,0,0,0,1,0,0,0,0,0,0,0,0,0,0.896252,0,-0.294221,-0.0791994,1.17053,0.0422655,-35.246,520.92,18.8094,0.000188448,0.0285151,15.6041
0.84,0.0367837,0.0857694,-0.0554138,0.929374,0.963468,-0.250652,0.452218,-0.154949,0.000855551,1.05905,0.0107587,-0.364606,-0.0155495,0.0481153,0.166213,-0.0712063,0.210741,0.224649,-0.0945992,-0.0180672,-0.14347,-0.0951456,-0.0837873,-0.0845142,-0.112992,-0.159075,0.554576,2.06539,0.0620883,-0.186949,-0.0180515,0.695573,1.76009,0.15069,-0.622803,0.476361,1.16311,0.102411,-0.0882019,1.24764,0.703561,-0.641441,-4.02356,1.89051,0.17851,-0.000322475,-2.43297,-0.378364,0.882618,-1.48033,0.700744,0.65224,0.000778378,-0.421143,0.89854,-0.496192,-0.874952,-0.0543388,-1.03294,-1.23635,-0.027808,2.32255,-0.135784,1.82524,1.9132,0.0483978,9.51407,-3.72987,1.85099,5.30994,-10.6035,3.2269,1.64551,-0.0998874,-1.03345,0.0629887,0.240558,-0.119561,-0.00383217,15.8874,-39.8233,3.55761,-18.4397,-28.2343,9.83286,-0.00568359,4.13797,-1.73574,4.35199,1.25205,-1.57171,-0.251784,1.41614,-0.048008,-0.387266,-0.877603,-0.133518,1.11059,-0.0313182,-4.70153,6.20472,2.7273,-0.0919516,-2.47759,0.557404,-17.7576,-8.87172,-9.67987,-46.5523,-28.2924,-6.28999,-3.04297e-06,9.27601,2.35351,-4.19981,5.53679,0.631625,1.34765,-1.34928e-05,6.18521,-9.05808,2.02146,-3.89669,1.36961,-3.34669,13.0332,-0.459618,-1.03535,-4.07797,-1.41426,4.15657,0.532473,0,0,0,1,0,0,0,0,0,0,0,0,0,0.900311,0,-0.294842,-0.0821366,1.31481,0.0457873,-31.9056,510.731,17.7859,0.000189132,0.027465,16.0903
0.85,0.0378204,0.0801618,-0.0503774,0.940996,0.964244,-0.251479,0.462919,-0.1488,-0.00652685,1.01416,0.0268346,-0.36345,-0.0155527,0.0247133,0.162665,-0.0628001,0.196491,0.23172,-0.087942,-0.0180594,-0.147063,-0.087066,-0.0885471,-0.0936534,-0.113398,-0.169739,0.543516,2.06507,0.0852103,-0.188715,5.95046e-05,0.715121,1.76063,0.103675,-0.560756,0.503634,1.16219,0.0776353,-0.0826279,1.07007,0.614844,-0.73824,-4.48909,1.60758,0.11561,-0.000322505,-2.34021,-0.354829,0.84062,-1.42497,0.707061,0.665716,0.000778243,-0.359291,0.807959,-0.475978,-0.913919,-0.0406427,-1.0664,-1.10602,-0.0324042,2.31219,-0.176564,1.8111,1.95476,0.0537226,9.47668,-4.06062,1.36561,5.35841,-10.8597,3.38664,0.946464,0.0955341,-1.05203,0.930424,0.281365,-0.128532,-0.00408829,17.0006,-38.7711,3.2086,-16.2266,-29.8551,10.0945,-0.00568685,3.74792,-2.38545,4.42115,1.33392,-1.4257,-0.22126,1.42431,-0.0468289,-0.391316,-0.996323,-0.163646,1.07201,-0.0336134,-4.4081,7.31131,1.04186,-0.0664511,-2.63877,0.75032,-17.0083,-8.68629,-7.18417,-41.5574,-22.6975,1.66965,-2.31523e-06,9.59132,3.2362,-5.64697,6.97628,2.00739,1.63677,-1.47182e-05,5.86898,-10.7904,2.98311,-3.41657,2.30848,-2.98302,13.0262,0.49965,-1.30861,-4.38716,-1.5881,3.48634,-1.48095,0,0,0,1,0,0,0,0,0,0,0,0,0,0.90437,0,-0.295452,-0.0840851,1.47403,0.0496772,-28.6635,502.477,16.9343,0.000189977,0.026349,16.318
0.86,0.0384163,0.0752854,-0.0452369,0.952611,0.964756,-0.25223,0.471919,-0.14352,-0.0146277,0.965111,0.0406407,-0.362127,-0.0155559,0.0022703,0.15944,-0.0549586,0.182939,0.238991,-0.0811212,-0.0180516,-0.150069,-0.0800654,-0.0930086,-0.103134,-0.113574,-0.180701,0.533758,2.0648,0.108201,-0.190919,0.0180117,0.735017,1.76102,0.0595935,-0.487643,0.514052,1.16153,0.0512476,-0.0751247,0.899984,0.527981,-0.810081,-4.90466,1.38061,0.132306,-0.000322529,-2.2443,-0.322467,0.78415,-1.3552,0.727135,0.682084,0.000778096,-0.300601,0.700055,-0.446147,-0.948084,-0.0175579,-1.09623,-0.975757,-0.0274076,2.29911,-0.220435,1.79522,1.98963,0.038913,9.19288,-4.13015,0.787335,5.28877,-10.9539,3.48966,0.18873,0.398982,-1.09851,1.81221,0.320479,-0.13193,-0.00430067,17.8517,-37.8841,2.9406,-14.112,-31.5417,10.3686,-0.00567736,3.39015,-2.70827,4.37667,1.35975,-1.29827,-0.19424,1.41966,-0.0458164,-0.404172,-1.0515,-0.181977,1.03167,-0.0355813,-3.65693,7.89503,-0.341815,-0.0133088,-2.71054,0.902048,-16.9917,-7.94488,-5.42242,-36.6501,-16.9119,12.6713,-1.53055e-06,8.88173,3.86019,-6.17942,7.73327,2.90166,1.58765,-1.58892e-05,4.95533,-11.7854,3.57667,-2.98607,3.00401,-2.48938,13.1679,0.984219,-1.55993,-4.28896,-2.17989,2.55217,-3.22751,0,0,0,1,0,0,0,0,0,0,0,0,0,0.90837,0,-0.296048,-0.0844357,1.64729,0.0540232,-25.4441,496.399,16.2795,0.000190849,0.0252424,16.1964
0.87,0.0386466,0.0711985,-0.0401306,0.964225,0.964998,-0.252891,0.479219,-0.139035,-0.0232707,0.912399,0.0527556,-0.359537,-0.0155592,-0.0192845,0.156602,-0.0477351,0.170161,0.246552,-0.0741416,-0.0180438,-0.15258,-0.0742434,-0.0971124,-0.112914,-0.113449,-0.191912,0.525317,2.06462,0.131036,-0.193553,0.0357458,0.755168,1.76108,0.0230242,-0.408692,0.510634,1.16139,0.0241423,-0.0661042,0.730067,0.448532,-0.864306,-5.27116,1.21149,0.25902,-0.000322544,-2.15548,-0.283865,0.722356,-1.27787,0.756151,0.69796,0.000777937,-0.251048,0.582201,-0.41038,-0.977945,0.0124822,-1.12113,-0.844079,-0.0175655,2.28351,-0.263325,1.77342,2.01515,0.00663793,8.5814,-4.00941,0.165281,5.10222,-10.8882,3.53877,-0.646113,0.797854,-1.17385,2.71069,0.353932,-0.130782,-0.00445851,18.4604,-37.1729,2.72927,-12.0937,-33.3126,10.648,-0.0056608,3.03806,-2.76971,4.23589,1.33838,-1.19863,-0.172395,1.40291,-0.0448796,-0.421135,-1.0469,-0.188741,0.992472,-0.0371362,-2.58353,8.00289,-1.32789,0.0668652,-2.70251,1.00591,-17.5163,-6.8455,-4.57489,-31.7613,-11.2879,25.541,-7.18389e-07,7.36476,4.17097,-6.07968,7.86478,3.41296,1.51374,-1.70051e-05,3.62628,-12.0845,3.77047,-2.59158,3.45407,-1.8759,13.3381,1.10091,-1.84177,-3.81261,-3.188,1.42581,-4.51734,0,0,0,1,0,0,0,0,0,0,0,0,0,0.912257,0,-0.296623,-0.0824936,1.83338,0.0589526,-22.1678,492.671,15.8419,0.000191528,0.024924,15.7115
0.88,0.0386185,0.0679118,-0.035157,0.975846,0.964969,-0.253451,0.484768,-0.135234,-0.0323713,0.856511,0.0637417,-0.354393,-0.0155624,-0.0401028,0.15418,-0.0411195,0.158169,0.254455,-0.0670106,-0.0180361,-0.154728,-0.0696299,-0.100839,-0.122952,-0.112979,-0.203311,0.51821,2.06455,0.153687,-0.196567,0.0531612,0.775463,1.7607,-0.00281115,-0.328663,0.497355,1.16206,-0.00288287,-0.0560451,0.554904,0.380077,-0.910055,-5.58877,1.09861,0.51443,-0.000322551,-2.08183,-0.242155,0.661559,-1.19922,0.790281,0.713098,0.000777767,-0.214785,0.461356,-0.372675,-1.00386,0.0470229,-1.13988,-0.710698,-0.00655633,2.26509,-0.301451,1.74154,2.02941,-0.0385354,7.64835,-3.79742,-0.436871,4.80837,-10.6788,3.54212,-1.54897,1.25125,-1.25922,3.62195,0.378945,-0.127136,-0.00456896,18.8789,-36.6692,2.55049,-10.1665,-35.1884,10.9294,-0.00564328,2.67986,-2.65169,4.03112,1.28647,-1.13107,-0.156382,1.37714,-0.0439566,-0.438966,-0.997919,-0.186416,0.956329,-0.0381925,-1.3523,7.70135,-1.88448,0.167959,-2.6299,1.06315,-18.2799,-5.54073,-4.65642,-26.7387,-6.14324,38.751,8.93455e-08,5.36606,4.12289,-5.69641,7.53759,3.68715,1.69723,-1.80629e-05,2.09436,-11.7756,3.58539,-2.18148,3.6797,-1.14944,13.3626,0.975034,-2.20337,-3.04624,-4.52201,0.207118,-5.21386,0,0,0,1,0,0,0,0,0,0,0,0,0,0.915993,0,-0.297177,-0.0775132,2.0306,0.0646261,-18.7574,491.385,15.6389,0.000191856,0.0249817,14.9269
0.89,0.0384551,0.0653953,-0.0303719,0.987483,0.964677,-0.253905,0.488489,-0.131988,-0.0419375,0.79795,0.0741135,-0.345373,-0.0155656,-0.0603845,0.152171,-0.0350735,0.14693,0.262727,-0.0597099,-0.0180283,-0.156666,-0.0661939,-0.104207,-0.133209,-0.112141,-0.214825,0.51244,2.06459,0.176118,-0.199886,0.0701243,0.795777,1.75979,-0.0163342,-0.25165,0.47851,1.16374,-0.0291819,-0.0454137,0.372105,0.32467,-0.956619,-5.85616,1.03718,0.901941,-0.00032255,-2.02817,-0.200926,0.604595,-1.12385,0.827152,0.73007,0.000777586,-0.193842,0.3436,-0.336822,-1.02568,0.0838199,-1.15138,-0.577072,0.00319401,2.24306,-0.331913,1.69632,2.03148,-0.090674,6.47983,-3.58987,-0.957383,4.42596,-10.3586,3.51249,-2.49437,1.69927,-1.32394,4.54022,0.393454,-0.123477,-0.00465303,19.1851,-36.42,2.38215,-8.32344,-37.1923,11.2095,-0.00562843,2.32287,-2.43401,3.80378,1.22533,-1.09471,-0.145709,1.34734,-0.0430206,-0.456842,-0.92636,-0.178786,0.923752,-0.0386376,-0.123107,7.07107,-2.03529,0.280596,-2.50961,1.08128,-18.9336,-4.13351,-5.5145,-21.3601,-1.73504,50.6329,8.58013e-07,3.25284,3.69583,-5.37235,6.99012,3.87164,2.33923,-1.90552e-05,0.561851,-10.9814,3.08157,-1.68449,3.71671,-0.302716,13.0635,0.723517,-2.68319,-2.11497,-6.03641,-0.998824,-5.22221,0,0,0,1,0,0,0,0,0,0,0,0,0,0.919551,0,-0.297708,-0.0687428,2.23642,0.0712169,-15.1403,492.562,15.6852,0.000191817,0.0249966,13.9649
0.9,0.0382795,0.063586,-0.0257903,0.999148,0.964134,-0.254251,0.490317,-0.129154,-0.0520551,0.737252,0.0843118,-0.33129,-0.0155688,-0.0803409,0.150531,-0.0295648,0.136391,0.271385,-0.0521753,-0.0180205,-0.158548,-0.063856,-0.107267,-0.143634,-0.110931,-0.226369,0.507975,2.06469,0.19828,-0.203417,0.0864839,0.815992,1.75836,-0.0175652,-0.180939,0.458158,1.16655,-0.0542781,-0.0346009,0.182769,0.283335,-1.01176,-6.06976,1.01983,1.40827,-0.000322542,-1.99564,-0.163968,0.550872,-1.05395,0.865869,0.753462,0.000777396,-0.188223,0.233786,-0.306006,-1.04252,0.120987,-1.15441,-0.446436,0.0104292,2.21623,-0.353063,1.63595,2.02149,-0.142896,5.21223,-3.45533,-1.3522,3.98171,-9.97921,3.46424,-3.45748,2.076,-1.33624,5.4629,0.395643,-0.122089,-0.00473726,19.4688,-36.4726,2.20524,-6.55474,-39.3488,11.4841,-0.00561538,1.99204,-2.17693,3.59718,1.1763,-1.08464,-0.13891,1.31934,-0.0420637,-0.476545,-0.854267,-0.169815,0.893914,-0.038344,0.978893,6.19994,-1.84762,0.394804,-2.35653,1.07126,-19.1523,-2.68676,-6.85482,-15.3639,1.77003,59.6007,1.55009e-06,1.36595,2.90486,-5.38892,6.48694,4.07601,3.53255,-1.99675e-05,-0.813305,-9.83932,2.34735,-1.03484,3.60344,0.688654,12.3114,0.439084,-3.3027,-1.14687,-7.57816,-2.10828,-4.48359,0,0,0,1,0,0,0,0,0,0,0,0,0,0.922927,0,-0.298217,-0.0554968,2.4474,0.078877,-11.2507,496.153,15.9905,0.00019155,0.0249602,12.9759
0.91,0.0382017,0.0623966,-0.0213935,1.01085,0.963356,-0.25449,0.490229,-0.12659,-0.0628582,0.675018,0.094687,-0.311248,-0.0155721,-0.100161,0.149182,-0.024595,0.1265,0.280452,-0.0442874,-0.0180127,-0.160512,-0.0625021,-0.110093,-0.154163,-0.109361,-0.237844,0.504742,2.06484,0.220112,-0.207062,0.102086,0.835996,1.75648,-0.0077763,-0.11894,0.439681,1.17049,-0.0778434,-0.0238883,-0.00875439,0.256467,-1.08031,-6.2234,1.03753,2.00428,-0.000322526,-1.98198,-0.134919,0.496982,-0.989076,0.906629,0.788788,0.000777196,-0.196356,0.135393,-0.282532,-1.05287,0.157021,-1.14752,-0.323323,0.01482,2.1832,-0.364532,1.56017,2.00041,-0.187732,3.9918,-3.42441,-1.60573,3.50516,-9.59723,3.40321,-4.43025,2.32281,-1.27335,6.39479,0.383413,-0.124525,-0.0048412,19.8171,-36.8536,2.00506,-4.84825,-41.6828,11.7485,-0.00559848,1.72527,-1.90853,3.44955,1.1557,-1.09454,-0.1341,1.29839,-0.0410779,-0.5016,-0.79838,-0.162683,0.865346,-0.0372324,1.88477,5.17415,-1.41958,0.502558,-2.18041,1.04392,-18.6982,-1.24341,-8.295,-8.49502,4.30445,64.3504,2.13624e-06,-0.0390919,1.80308,-5.92958,6.27182,4.34612,5.25285,-2.07753e-05,-1.93949,-8.47831,1.49098,-0.196517,3.36724,1.85437,11.061,0.184162,-4.06494,-0.235992,-9.03163,-3.07664,-2.98947,0,0,0,1,0,0,0,0,0,0,0,0,0,0.926132,0,-0.298711,-0.0372355,2.65919,0.0876836,-7.03005,502.055,16.5546,0.000191309,0.024867,12.0919
0.92,0.0383124,0.0617246,-0.0171387,1.02261,0.962359,-0.254625,0.488272,-0.124149,-0.0744908,0.611935,0.105493,-0.28477,-0.0155753,-0.119984,0.148013,-0.0202181,0.117236,0.289953,-0.0358742,-0.018005,-0.162669,-0.061996,-0.112769,-0.164711,-0.107454,-0.249134,0.502615,2.06501,0.241538,-0.210731,0.116784,0.855693,1.75431,0.0110714,-0.0671984,0.425486,1.17552,-0.0996475,-0.0134491,-0.195736,0.244033,-1.16326,-6.30835,1.08057,2.64778,-0.000322505,-1.98237,-0.116888,0.437687,-0.926358,0.95009,0.841316,0.000776988,-0.215751,0.0506094,-0.267623,-1.05483,0.190694,-1.12898,-0.212712,0.0166616,2.14255,-0.366892,1.46985,1.96964,-0.217627,2.92496,-3.49203,-1.73452,3.01915,-9.22523,3.31239,-5.43241,2.39888,-1.12786,7.35041,0.353985,-0.131293,-0.00496396,20.2974,-37.557,1.77199,-3.19054,-44.2144,11.9932,-0.00556913,1.56269,-1.62453,3.38858,1.17108,-1.11951,-0.129756,1.28783,-0.0400606,-0.535468,-0.766969,-0.15924,0.837109,-0.0353716,2.59023,4.06368,-0.86672,0.599478,-1.98369,1.00704,-17.4699,0.156985,-9.44049,-0.564288,5.88166,64.0135,2.62323e-06,-0.831975,0.471654,-7.06388,6.52761,4.65843,7.36907,-2.1449e-05,-2.79989,-6.99376,0.633752,0.822165,3.01662,3.20058,9.36521,-0.0079698,-4.95825,0.582961,-10.3425,-3.89874,-0.823164,0,0,0,1,0,0,0,0,0,0,0,0,0,0.929187,0,-0.299191,-0.0136425,2.86673,0.0975908,-2.42757,510.11,17.3655,0.000191425,0.0247166,11.3556
0.93,0.0386822,0.061459,-0.0129705,1.03442,0.961165,-0.254659,0.484568,-0.121693,-0.0870675,0.548795,0.116887,-0.251891,-0.0155785,-0.139891,0.146891,-0.0165476,0.108625,0.299919,-0.0267241,-0.0179972,-0.165107,-0.0621893,-0.115382,-0.175177,-0.105245,-0.260103,0.501424,2.06517,0.262467,-0.214342,0.130448,0.874999,1.75205,0.0369737,-0.0265616,0.416818,1.18151,-0.119484,-0.00337866,-0.370436,0.245603,-1.25767,-6.31399,1.13939,3.28791,-0.000322479,-1.99069,-0.112172,0.367048,-0.861082,0.996674,0.915007,0.000776774,-0.24375,-0.0193282,-0.261285,-1.04661,0.22086,-1.09697,-0.11906,0.0165819,2.09297,-0.361062,1.36643,1.93065,-0.225858,2.02888,-3.62529,-1.78649,2.53602,-8.79341,3.16209,-6.51162,2.29203,-0.909105,8.35227,0.303413,-0.141815,-0.00507363,20.9431,-38.5355,1.50312,-1.56726,-46.9574,12.2058,-0.00551854,1.53103,-1.29223,3.42298,1.22031,-1.15864,-0.125253,1.28847,-0.0390012,-0.579209,-0.75993,-0.160209,0.809747,-0.0330011,3.12383,2.91566,-0.31079,0.685383,-1.76357,0.964442,-15.4929,1.47181,-9.94531,8.49356,6.52036,58.2004,3.05949e-06,-0.988768,-0.988937,-8.7268,7.3536,4.91576,9.61523,-2.19711e-05,-3.41643,-5.43664,-0.10772,1.97478,2.5354,4.71889,7.34547,-0.127631,-5.97977,1.3361,-11.5452,-4.58591,1.86283,0,0,0,1,0,0,0,0,0,0,0,0,0,0.932119,0,-0.299659,0.0153109,3.06426,0.108393,2.59882,520.117,18.3983,0.000192248,0.0246032,10.6867
0.94,0.0393643,0.0614849,-0.00883337,1.04631,0.959793,-0.254596,0.479314,-0.11909,-0.100639,0.486504,0.128933,-0.213192,-0.0155817,-0.159897,0.145671,-0.0137498,0.10075,0.310378,-0.0166125,-0.0179894,-0.167886,-0.0629262,-0.118005,-0.185446,-0.102783,-0.270601,0.500968,2.06532,0.282799,-0.217819,0.142958,0.893847,1.74998,0.0682121,0.00259498,0.413711,1.18837,-0.13712,0.00626576,-0.525365,0.260321,-1.35712,-6.22906,1.20459,3.86992,-0.000322448,-2.00058,-0.122061,0.27978,-0.787546,1.04583,1.01116,0.000776554,-0.277914,-0.0736946,-0.262362,-1.02686,0.246214,-1.04978,-0.0456056,0.0153056,2.03317,-0.347701,1.25098,1.88479,-0.20723,1.24271,-3.74825,-1.8217,2.0679,-8.21004,2.94752,-7.7277,2.02735,-0.640656,9.42349,0.227142,-0.154541,-0.00510681,21.753,-39.7071,1.2028,0.0311199,-49.916,12.3711,-0.00543994,1.63978,-0.844663,3.54534,1.2948,-1.215,-0.121122,1.29926,-0.0379313,-0.629982,-0.770543,-0.165431,0.785783,-0.0305254,3.52996,1.74703,0.132707,0.764088,-1.515,0.916672,-12.913,2.66248,-9.57185,18.5655,6.20806,47.0493,3.49534e-06,-0.577349,-2.48182,-10.7339,8.75169,4.97179,11.6226,-2.23432e-05,-3.82879,-3.80478,-0.629565,3.18812,1.89218,6.35682,5.168,-0.181355,-7.14066,2.09064,-12.7288,-5.14709,4.83616,0,0,0,1,0,0,0,0,0,0,0,0,0,0.934955,0,-0.300116,0.0493149,3.2456,0.119717,8.08078,531.826,19.6168,0.000194066,0.0248319,9.96399
0.95,0.0403994,0.0616856,-0.004683,1.05827,0.958271,-0.254442,0.472769,-0.116221,-0.115167,0.42607,0.141599,-0.169787,-0.015585,-0.179961,0.144202,-0.0120254,0.0937497,0.321333,-0.00533869,-0.0179817,-0.171048,-0.0640437,-0.120692,-0.195396,-0.100132,-0.280463,0.501029,2.06546,0.302417,-0.221087,0.154195,0.91218,1.74839,0.103512,0.0200653,0.415038,1.19601,-0.15227,0.0154325,-0.654494,0.286946,-1.45284,-6.0434,1.26667,4.34041,-0.000322413,-2.00635,-0.14688,0.17244,-0.700029,1.09555,1.12739,0.000776331,-0.316202,-0.111742,-0.268658,-0.994983,0.265136,-0.986213,0.00607436,0.0134921,1.96176,-0.326795,1.12369,1.83332,-0.158869,0.492602,-3.75536,-1.89154,1.64307,-7.50822,2.71417,-9.12276,1.66313,-0.352472,10.5748,0.121261,-0.167309,-0.00497917,22.7046,-40.9684,0.882133,1.601,-53.0818,12.4719,-0.00532883,1.89023,-0.192244,3.73567,1.38479,-1.2938,-0.118864,1.31858,-0.0369682,-0.681228,-0.788374,-0.173982,0.769253,-0.0284484,3.84832,0.545911,0.364849,0.842503,-1.23622,0.862828,-9.96156,3.70558,-8.21758,29.3338,4.88312,31.2396,3.94816e-06,0.278791,-3.93122,-12.8207,10.6311,4.66743,12.9797,-2.25581e-05,-4.06641,-2.05287,-0.849197,4.37932,1.05574,8.00629,3.01412,-0.18457,-8.46539,2.91884,-13.9807,-5.57418,7.77771,0,0,0,1,0,0,0,0,0,0,0,0,0,0.937721,0,-0.30056,0.0877043,3.40447,0.131036,14.0384,544.937,20.9743,0.000197019,0.0250433,9.18494
0.96,0.0418194,0.0619408,-0.000496137,1.07031,0.956624,-0.254201,0.465228,-0.112981,-0.130517,0.36857,0.154754,-0.123259,-0.0155882,-0.199996,0.14234,-0.0115831,0.0878125,0.332755,0.00723313,-0.0179739,-0.174617,-0.0653664,-0.123464,-0.204908,-0.0973747,-0.289525,0.501391,2.06558,0.321188,-0.224063,0.164034,0.929956,1.74758,0.141995,0.0255244,0.418686,1.20443,-0.164632,0.0240608,-0.75411,0.324002,-1.53501,-5.75007,1.3155,4.65281,-0.000322374,-2.00357,-0.186192,0.0442333,-0.593717,1.14222,1.25718,0.000776105,-0.356866,-0.132271,-0.27715,-0.95119,0.275693,-0.906151,0.0362155,0.0116464,1.87711,-0.297606,0.983883,1.77758,-0.0810914,-0.262532,-3.58384,-2.02948,1.30194,-6.91263,2.54004,-10.6929,1.26901,-0.0704948,11.7918,-0.0159348,-0.177908,-0.00460526,23.7645,-42.2032,0.557534,3.12131,-56.4316,12.4929,-0.00518225,2.27484,0.73375,3.96223,1.48267,-1.39935,-0.120432,1.34506,-0.0363127,-0.72549,-0.80294,-0.18399,0.763892,-0.0272386,4.09293,-0.721592,0.310675,0.928852,-0.933168,0.802671,-6.89982,4.60354,-5.90172,40.2895,2.43164,11.9489,4.42442e-06,1.44416,-5.29056,-14.6967,12.8302,3.86868,13.3093,-2.257e-05,-4.12539,-0.119462,-0.714252,5.47369,0.0114578,9.51924,1.04877,-0.155566,-9.98503,3.85849,-15.33,-5.84076,10.3036,0,0,0,1,0,0,0,0,0,0,0,0,0,0.940438,0,-0.300991,0.129483,3.53502,0.141724,20.479,559.099,22.415,0.000201054,0.025253,8.54183
0.97,0.0436486,0.0621239,0.00372179,1.08245,0.954885,-0.25388,0.456997,-0.10928,-0.146458,0.315098,0.168153,-0.0755364,-0.0155914,-0.219888,0.139949,-0.0126104,0.0831583,0.344565,0.0211359,-0.0179662,-0.178598,-0.066701,-0.126306,-0.213872,-0.0946166,-0.297635,0.501858,2.06568,0.33896,-0.226653,0.17234,0.947148,1.7478,0.182924,0.0183085,0.421793,1.21372,-0.173964,0.0320875,-0.823108,0.370037,-1.59403,-5.34717,1.33982,4.7723,-0.000322329,-1.98912,-0.239097,-0.102733,-0.465416,1.18091,1.39028,0.00077588,-0.39812,-0.133466,-0.284292,-0.896453,0.275808,-0.810958,0.0467032,0.0100907,1.77726,-0.259021,0.830583,1.71917,0.0219449,-1.05671,-3.27563,-2.25912,1.03145,-6.50127,2.43202,-12.3715,0.902924,0.190222,13.0279,-0.182586,-0.184615,-0.00392369,24.887,-43.297,0.248709,4.55565,-59.925,12.4235,-0.00500078,2.76509,1.93448,4.18211,1.58185,-1.53131,-0.127444,1.37752,-0.0361884,-0.757389,-0.808136,-0.192764,0.771483,-0.0271995,4.23469,-2.09491,-0.0773596,1.02964,-0.616747,0.737327,-3.95518,5.3871,-2.71869,50.7901,-1.30196,-9.26472,4.93683e-06,2.8094,-6.53791,-16.1031,15.1495,2.49588,12.3479,-2.23475e-05,-3.95838,2.03651,-0.209033,6.41829,-1.22666,10.7443,-0.607154,-0.11126,-11.7264,4.88542,-16.7152,-5.91442,12.0213,0,0,0,1,0,0,0,0,0,0,0,0,0,0.943117,0,-0.301409,0.173383,3.63211,0.151111,27.3958,573.9,23.8766,0.000205943,0.0254741,8.13604
0.98,0.0459013,0.0620975,0.00793199,1.09469,0.953083,-0.253485,0.44837,-0.105041,-0.16267,0.266705,0.181421,-0.0287399,-0.0155946,-0.239498,0.136904,-0.0152481,0.0800191,0.356623,0.0362734,-0.0179584,-0.182975,-0.067832,-0.12917,-0.222195,-0.0919812,-0.30467,0.502264,2.06577,0.35556,-0.228755,0.178974,0.963748,1.74922,0.225271,-0.00264059,0.421019,1.22402,-0.180131,0.0394607,-0.86266,0.423908,-1.62122,-4.83927,1.3268,4.67965,-0.00032228,-1.96103,-0.304476,-0.263764,-0.313921,1.20587,1.51375,0.000775656,-0.437704,-0.113101,-0.286383,-0.83227,0.263541,-0.703516,0.0406317,0.00897811,1.65999,-0.210167,0.663431,1.66003,0.142158,-1.94384,-2.93829,-2.59473,0.790143,-6.29413,2.38138,-14.0355,0.601433,0.426284,14.2052,-0.372884,-0.186366,-0.0029166,26.0129,-44.1624,-0.0241553,5.85783,-63.5045,12.2594,-0.00478636,3.28277,3.35548,4.34638,1.67676,-1.68254,-0.140349,1.41411,-0.0367477,-0.777354,-0.802513,-0.196536,0.789448,-0.0283323,4.20226,-3.60125,-0.816872,1.14833,-0.304324,0.671551,-1.27903,6.11909,1.21774,60.1429,-6.48749,-30.6661,5.525e-06,4.30625,-7.67475,-16.8639,17.3904,0.541272,10.0163,-2.19245e-05,-3.48894,4.41285,0.642695,7.18939,-2.61052,11.5684,-1.89636,-0.0648102,-13.7003,5.90889,-17.9905,-5.77643,12.6052,0,0,0,1,0,0,0,0,0,0,0,0,0,0.945766,0,-0.301811,0.217944,3.69176,0.158556,34.7644,588.876,25.2914,0.000211335,0.0257142,8.06573
0.99,0.0485742,0.0617109,0.0120605,1.10704,0.951252,-0.253024,0.439616,-0.10019,-0.17876,0.224327,0.19404,0.01499,-0.0155978,-0.258678,0.133092,-0.0195721,0.078619,0.368736,0.0524126,-0.0179506,-0.187701,-0.0685217,-0.13197,-0.229799,-0.0896069,-0.310548,0.502481,2.06585,0.37079,-0.230265,0.183809,0.979771,1.7519,0.267294,-0.0386531,0.412851,1.2355,-0.183175,0.0461763,-0.87545,0.485099,-1.60904,-4.23784,1.26193,4.37299,-0.000322225,-1.91797,-0.381224,-0.432403,-0.140017,1.21128,1.61392,0.000775437,-0.472593,-0.0689721,-0.279956,-0.760376,0.237436,-0.587832,0.0216681,0.00833,1.52299,-0.151078,0.483526,1.60226,0.26821,-2.90455,-2.63495,-3.01724,0.582881,-6.93148,2.63556,-15.5189,0.378948,0.642581,15.22,-0.577479,-0.18264,-0.00161738,27.0929,-44.7544,-0.243118,6.97042,-67.0975,12.0042,-0.00453492,3.71043,4.95372,4.41196,1.76701,-1.84106,-0.15813,1.45238,-0.0380195,-0.795749,-0.78376,-0.189668,0.808965,-0.0302454,3.90503,-5.23465,-1.89252,1.28574,-0.0280959,0.617459,1.07527,6.8836,5.80987,67.7019,-13.2412,-50.5838,6.2466e-06,5.90683,-8.71694,-16.9121,19.3908,-1.93306,6.45311,-2.13334e-05,-2.6369,6.95265,1.7806,7.79125,-4.06115,11.9445,-2.82866,-0.0247814,-15.891,6.79555,-18.9712,-5.44053,11.8711,0,0,0,1,0,0,0,0,0,0,0,0,0,0.948384,0,-0.302192,0.261601,3.71137,0.163513,42.5389,603.508,26.5889,0.000216808,0.0259739,8.9339
1,0.0516377,0.060801,0.0159997,1.11953,0.949417,-0.2525,0.430969,-0.0946508,-0.19427,0.188718,0.205335,0.0536615,-0.0156011,-0.277267,0.128408,-0.0255874,0.0791579,0.380656,0.0691971,-0.0179429,-0.19269,-0.0685162,-0.134591,-0.236623,-0.0876386,-0.315232,0.502415,2.06593,0.384431,-0.231097,0.186747,0.995249,1.75577,0.306344,-0.0909995,0.393925,1.24836,-0.183456,0.0523508,-0.864698,0.553935,-1.55094,-3.56082,1.12951,3.86715,-0.000322162,-1.8589,-0.468393,-0.601524,0.0538911,1.19195,1.67845,0.000775223,-0.498962,0.000554392,-0.26215,-0.682464,0.196824,-0.468387,-0.00661847,0.00808219,1.36408,-0.0831229,0.293814,1.54786,0.386921,-3.83529,-2.44531,-3.52052,0.304886,-7.90763,2.86985,-16.5928,0.253574,0.846422,15.9483,-0.783198,-0.173339,-0.000118222,28.0932,-45.0862,-0.393436,7.82748,-70.6164,11.6715,-0.00425056,3.98815,6.59967,4.34773,1.84718,-1.98254,-0.177314,1.48924,-0.0398752,-0.821846,-0.761891,-0.170463,0.821609,-0.0324954,3.27004,-6.9526,-3.25291,1.43756,0.197208,0.5802,3.14705,7.76208,10.9666,72.9579,-21.5072,-67.6278,3.80813e-06,7.61079,-9.68303,-16.2865,21.0536,-4.81544,2.00354,-1.30183e-05,-1.34831,9.5395,3.11177,8.2484,-5.47558,11.8942,-3.4676,0.00466961,-18.2497,7.41004,-19.5023,-4.96193,9.82626,0,0,0,1,0,0,0,0,0,0,0,0,0,0.950968,0,-0.302552,0.302786,3.68982,0.165586,50.6494,617.227,27.6989,0.000221907,0.0262484,10.1952
1.01,0.0550281,0.0591957,0.0196137,1.13216,0.947602,-0.251919,0.422637,-0.0883352,-0.208682,0.160406,0.214479,0.0855702,-0.0156043,-0.295094,0.122756,-0.0332312,0.0818021,0.392094,0.0861819,-0.0179351,-0.197815,-0.0675567,-0.136902,-0.242623,-0.0862179,-0.318726,0.502002,2.06601,0.396247,-0.231187,0.187735,1.01023,1.76062,0.339044,-0.160526,0.361396,1.26274,-0.181484,0.0581528,-0.833227,0.631556,-1.44128,-2.83124,0.914442,3.19087,-0.000322124,-1.78279,-0.565224,-0.764389,0.264428,1.1438,1.69848,0.000775093,-0.512445,0.0959494,-0.231032,-0.59998,0.142069,-0.349445,-0.0412945,0.00812889,1.18158,-0.00902242,0.0987909,1.49824,0.485183,-4.50927,-2.47803,-4.07167,0.0407276,-8.64969,2.85984,-17.0113,0.207671,1.04456,16.2648,-0.973938,-0.158998,0.00144233,29.015,-45.1888,-0.465772,8.35723,-73.9623,11.28,-0.00393417,4.08587,8.12939,4.14219,1.91548,-2.08273,-0.193936,1.52255,-0.0421336,-0.862816,-0.745991,-0.139553,0.819351,-0.0346118,2.26969,-8.67711,-4.80836,1.59928,0.361423,0.566258,5.03449,8.79871,16.5451,75.6116,-30.9017,-80.8153,3.79407e-06,9.42516,-10.5819,-15.0996,22.3663,-7.98101,-2.84679,-1.31638e-05,0.371099,12.004,4.51887,8.59233,-6.73519,11.4815,-3.90318,0.0224857,-20.6873,7.66075,-19.5142,-4.44023,6.68362,0,0,0,1,0,0,0,0,0,0,0,0,0,0.953511,0,-0.302886,0.340034,3.62751,0.164579,59.0005,629.423,28.5567,0.000226139,0.0265294,11.2272
1.02,0.0586455,0.0567227,0.0227468,1.14494,0.945824,-0.251281,0.414808,-0.0811398,-0.221441,0.139655,0.220534,0.109397,-0.0156075,-0.31198,0.116045,-0.0423851,0.086683,0.402733,0.102882,-0.0179274,-0.202902,-0.0653968,-0.13876,-0.247764,-0.0854708,-0.321073,0.501199,2.06609,0.405994,-0.230511,0.186772,1.02477,1.76614,0.361741,-0.247297,0.313313,1.27873,-0.177869,0.0638154,-0.782882,0.719543,-1.27582,-2.07513,0.605425,2.38272,-0.000322086,-1.68854,-0.671042,-0.915385,0.488091,1.06399,1.67002,0.000774962,-0.508734,0.21599,-0.185843,-0.514057,0.0747167,-0.23463,-0.0803264,0.00835374,0.974711,0.0675851,-0.096351,1.45384,0.552019,-4.6747,-2.83012,-4.60944,-0.14052,-8.5448,2.68559,-16.5823,0.181355,1.23669,16.0756,-1.13117,-0.140968,0.00288804,29.8728,-45.0887,-0.455736,8.49393,-77.0268,10.8512,-0.00358255,4.00561,9.39437,3.81251,1.97146,-2.12502,-0.204873,1.5508,-0.0446022,-0.923608,-0.740578,-0.0998128,0.796269,-0.0361971,0.931436,-10.2878,-6.43185,1.76305,0.461387,0.583333,6.85281,9.96138,22.2594,75.6303,-40.5624,-89.5605,3.76895e-06,11.3496,-11.3978,-13.4839,23.4043,-11.3387,-7.57694,-1.3575e-05,2.43578,14.1388,5.86812,8.84877,-7.7157,10.779,-4.21657,0.0301547,-23.0762,7.52714,-19.0445,-4.00687,2.83096,0,0,0,1,0,0,0,0,0,0,0,0,0,0.956002,0,-0.303191,0.372074,3.52624,0.16051,67.472,639.449,29.1069,0.00022897,0.0268087,11.461
1.03,0.0623561,0.053221,0.0252368,1.15791,0.944091,-0.250584,0.407664,-0.0729482,-0.231973,0.126466,0.222532,0.124269,-0.0156107,-0.32773,0.108195,-0.0528873,0.0939044,0.412239,0.118825,-0.0179196,-0.207746,-0.061823,-0.140032,-0.252019,-0.0854952,-0.322341,0.499974,2.06618,0.413433,-0.229083,0.183904,1.03891,1.77194,0.371056,-0.350174,0.248994,1.29636,-0.173255,0.0696488,-0.714354,0.819157,-1.05323,-1.31882,0.199801,1.48712,-0.000322048,-1.57504,-0.785021,-1.05022,0.722133,0.9506,1.59425,0.000774826,-0.484377,0.357378,-0.127162,-0.425569,-0.00244022,-0.126839,-0.122492,0.00865529,0.743948,0.142857,-0.286796,1.41377,0.580329,-4.05781,-3.56075,-5.06605,-0.245264,-7.97075,2.45939,-15.2361,0.0910267,1.41091,15.3467,-1.23496,-0.121385,0.00401953,30.6984,-44.8051,-0.362515,8.18188,-79.6953,10.406,-0.00317683,3.77139,10.2632,3.40844,2.02041,-2.09846,-0.207779,1.57348,-0.0471144,-1.01366,-0.74839,-0.0560162,0.745491,-0.0368807,-0.659324,-11.618,-7.96804,1.91748,0.486087,0.633452,8.68955,11.1125,27.6167,73.265,-49.0937,-93.573,3.74122e-06,13.3695,-12.0772,-11.5269,24.3173,-14.8846,-11.7718,-1.42973e-05,4.68079,15.7154,7.02063,9.02902,-8.29848,9.83308,-4.44898,0.0301726,-25.2567,7.06121,-18.2084,-3.80708,-1.24368,0,0,0,1,0,0,0,0,0,0,0,0,0,0.958431,0,-0.303469,0.397868,3.38884,0.153599,75.9173,646.625,29.3082,0.000229858,0.0270796,11.1558
1.04,0.0660007,0.0485574,0.0269299,1.17106,0.942407,-0.249824,0.40139,-0.0636454,-0.239744,0.120605,0.21962,0.129782,-0.015614,-0.342144,0.0991374,-0.0645423,0.103557,0.420257,0.13359,-0.0179119,-0.212122,-0.0566777,-0.140601,-0.255372,-0.0863494,-0.322626,0.498304,2.06627,0.418347,-0.226948,0.179215,1.05266,1.77762,0.364462,-0.466354,0.169314,1.31553,-0.168395,0.0759833,-0.627459,0.930282,-0.777065,-0.586174,-0.291136,0.551385,-0.000322011,-1.44135,-0.905792,-1.16549,0.965307,0.801754,1.47653,0.000774683,-0.437569,0.514532,-0.0569557,-0.335279,-0.085425,-0.0285087,-0.166982,0.00895702,0.491381,0.213469,-0.46888,1.3757,0.567892,-9.62317,1.29528,-4.19514,-0.630088,-9.40433,1.59558,-20.6731,3.95639,1.31588,17.9326,-0.969355,-0.384897,0.00453269,31.2633,-43.7192,-0.199496,7.4566,-81.84,9.96101,-0.00295448,4.61418,10.4353,2.93537,1.90507,-2.16722,-0.231269,1.59558,-0.0505769,-0.932086,-0.72441,-0.025489,0.80055,-0.0404181,-2.25478,-12.6266,-9.2577,2.01145,0.922592,0.809743,10.5889,11.9669,31.9346,69.0018,-54.6859,-92.7383,3.90758e-06,15.4835,-12.4902,-9.20547,25.2874,-18.7484,-15.2674,-1.25837e-05,6.92624,16.4342,7.83248,9.12595,-8.38488,8.65119,-4.58436,0.0252425,-27.0507,6.36218,-17.131,-3.9732,-5.06532,0,0,1,1,1.43964,0,-0.201593,-0.00888538,0.122154,0.0237511,-2.37145,32.602,6.33903,0.960796,0,-0.303717,0.416623,3.21894,0.14423,84.1611,650.25,29.1354,0.000228399,0.0273373,14.2572
1.05,0.0694199,0.0426312,0.0276973,1.18442,0.940815,-0.248983,0.396174,-0.0531459,-0.244321,0.121643,0.21124,0.126022,-0.0156172,-0.355009,0.0888304,-0.0771177,0.115739,0.4264,0.146828,-0.0179042,-0.215805,-0.049889,-0.140388,-0.257812,-0.0880421,-0.322046,0.496176,2.06636,0.420556,-0.224177,0.172813,1.06602,1.7828,0.341915,-0.59262,0.0767368,1.33565,-0.159169,0.0840807,-0.521569,1.04995,-0.457719,0.103843,-0.837995,-0.375998,-0.000321972,-1.28651,-1.03069,-1.25755,1.21818,0.61427,1.32385,0.000774557,-0.368306,0.678875,0.0213691,-0.244019,-0.169274,0.0580032,-0.212825,0.00920944,0.220875,0.27709,-0.64019,1.33597,0.517239,-9.60211,1.20031,-3.99927,-0.731674,-8.86616,1.25462,-20.899,3.77782,1.50232,17.4166,-0.605752,-0.466569,0.0043786,31.9456,-42.8496,0.0442357,6.19798,-83.3553,9.52895,-0.00251412,5.13337,10.1113,2.61967,1.85185,-2.06889,-0.228437,1.60986,-0.0532819,-0.979037,-0.776842,-0.00987931,0.770376,-0.0413455,-3.82351,-12.8382,-10.1316,2.06648,1.09651,0.919688,12.4278,12.2717,34.4003,63.4959,-55.4321,-86.9821,4.03126e-06,17.6309,-12.569,-6.50394,26.543,-23.1343,-18.0224,-1.27056e-05,8.85912,16.2315,8.22638,9.12821,-7.91803,7.21278,-4.54728,0.0177643,-28.2812,5.53893,-15.8865,-4.61065,-8.19904,0,0,1,1,1.45144,0,-0.201833,-0.00802362,0.0804163,0.0118294,-5.11405,51.2553,7.53978,0.963093,0,-0.303942,0.427836,3.02113,0.132903,91.9966,649.626,28.5779,0.000224278,0.0275946,13.7969
1.06,0.0724567,0.0354212,0.0274515,1.19798,0.939333,-0.248051,0.392201,-0.0414192,-0.245458,0.129031,0.197317,0.113564,-0.0156204,-0.366111,0.0772666,-0.0903436,0.130575,0.430229,0.158265,-0.0178964,-0.218602,-0.0414771,-0.139351,-0.25934,-0.0905267,-0.320745,0.493593,2.06646,0.419936,-0.220852,0.164823,1.07892,1.78715,0.303679,-0.721002,-0.0245793,1.35631,-0.148204,0.0932776,-0.397291,1.17267,-0.113716,0.738803,-1.39232,-1.24582,-0.000321932,-1.1102,-1.15638,-1.32259,1.48361,0.382927,1.14363,0.00077443,-0.279715,0.841189,0.103633,-0.152737,-0.248454,0.130131,-0.258298,0.00938708,-0.0619375,0.33248,-0.799055,1.28986,0.435249,-8.60618,0.778755,-3.57658,-0.701554,-7.63909,0.913018,-20.886,3.09554,1.58272,16.3979,0.0325325,-0.547474,0.00340323,32.7091,-41.6621,0.344698,4.43227,-84.1172,9.11451,-0.00196729,5.9318,9.16397,2.4931,1.79756,-1.93887,-0.222025,1.629,-0.0561639,-1.03441,-0.860972,-0.0141672,0.73483,-0.0416488,-5.10409,-12.2211,-10.4791,2.06468,1.28905,1.02605,13.9915,11.6988,34.3149,57.3526,-49.8455,-76.3831,4.16239e-06,19.8198,-12.1984,-3.45576,28.2962,-28.2714,-20.0819,-1.29291e-05,10.2531,14.9535,8.13596,9.01401,-6.89383,5.50287,-4.2253,0.00945571,-28.7953,4.67979,-14.4584,-5.7811,-10.3067,0,0,1,1,1.45934,0,-0.201682,-0.00485612,0.0416007,0.0049138,-8.62912,73.9226,8.7316,0.965327,0,-0.304147,0.431371,2.80124,0.120197,99.1867,644.101,27.6373,0.000217868,0.0278547,12.1304
1.07,0.074983,0.0269891,0.0261578,1.21175,0.93798,-0.247015,0.389627,-0.0285226,-0.243164,0.142155,0.17841,0.0934677,-0.0156236,-0.375231,0.0644829,-0.103915,0.148241,0.431231,0.167693,-0.0178887,-0.220374,-0.0315698,-0.137501,-0.259966,-0.0937006,-0.318893,0.490587,2.06655,0.416438,-0.217059,0.155386,1.09124,1.79047,0.252639,-0.843213,-0.12937,1.37696,-0.135313,0.103538,-0.257377,1.28966,0.229433,1.31233,-1.89077,-2.00965,-0.00032189,-0.912006,-1.27837,-1.35714,1.76657,0.100213,0.942812,0.000774301,-0.177184,0.990724,0.184992,-0.062597,-0.317392,0.18516,-0.300551,0.00948164,-0.349891,0.379278,-0.943639,1.23205,0.332182,-6.74397,0.116423,-2.92136,-0.57696,-6.1955,0.673075,-20.8586,1.84478,1.5794,14.8889,0.893449,-0.592381,0.00163134,33.6123,-40.0927,0.679367,2.1726,-84.0101,8.71384,-0.00129169,6.98727,7.68906,2.61878,1.75283,-1.79899,-0.214411,1.65655,-0.0592371,-1.10379,-0.973551,-0.0370607,0.695968,-0.0410655,-5.93004,-10.7083,-10.2397,1.99503,1.50497,1.11157,14.9336,10.0654,31.3687,50.9711,-37.4211,-61.4062,4.32313e-06,22.0844,-11.3432,-0.161362,30.721,-34.3459,-21.5503,-1.32167e-05,10.918,12.6208,7.56663,8.76596,-5.3715,3.55373,-3.49956,0.0013881,-28.4845,3.83467,-12.7507,-7.49537,-11.2019,0,0,1,1,1.46551,0,-0.201365,0.000132049,-0.00102321,-9.98813e-05,-12.984,100.609,9.82107,0.967506,0,-0.304334,0.427553,2.56653,0.106721,105.47,633.12,26.3263,0.000210009,0.0281178,9.65397
1.08,0.0769164,0.0174861,0.0238401,1.22572,0.936778,-0.245869,0.388547,-0.0146195,-0.237732,0.160375,0.15576,0.0672306,-0.0156268,-0.382143,0.0505649,-0.117503,0.168979,0.428799,0.174966,-0.0178809,-0.221054,-0.0204005,-0.134895,-0.259715,-0.0974117,-0.316686,0.487232,2.06665,0.41009,-0.212883,0.144675,1.10281,1.79267,0.193338,-0.950296,-0.231767,1.39691,-0.120263,0.114654,-0.108041,1.39031,0.54312,1.82204,-2.26498,-2.62371,-0.000321847,-0.691162,-1.3918,-1.35876,2.07378,-0.243246,0.727309,0.000774169,-0.0680049,1.11693,0.260659,0.0250626,-0.371107,0.220697,-0.335547,0.00949552,-0.634736,0.417624,-1.07115,1.15709,0.220163,-4.32477,-0.587973,-2.07538,-0.390007,-4.6428,0.549896,-21.013,0.048119,1.53651,12.8757,1.89498,-0.572801,-0.000752681,34.6864,-38.102,1.01981,-0.543586,-82.9276,8.3174,-0.000496337,8.1795,5.87277,3.01662,1.72123,-1.66729,-0.206869,1.6931,-0.0623453,-1.18607,-1.10495,-0.0731228,0.657237,-0.0393875,-6.20993,-8.35864,-9.4161,1.85022,1.74547,1.16051,14.8489,7.39933,25.8318,44.4049,-19.0271,-43.1182,4.51772e-06,24.5132,-10.0633,3.1963,33.9164,-41.4071,-22.5296,-1.36495e-05,10.7682,9.39666,6.59073,8.37185,-3.46972,1.47307,-2.27489,-0.00587232,-27.2985,3.02077,-10.6429,-9.71189,-10.8745,0,0,1,1,1.4708,0,-0.200949,0.00691553,-0.0496852,-0.00405045,-18.2429,131.067,10.6849,0.969637,0,-0.304507,0.417228,2.32542,0.0930811,110.572,616.271,24.6679,0.000201792,0.0283789,6.73547
1.09,0.0782288,0.00714732,0.0205808,1.23987,0.93575,-0.244606,0.388951,2.35096e-05,-0.229718,0.183036,0.131207,0.0366817,-0.01563,-0.386603,0.0356406,-0.130771,0.193108,0.422225,0.179986,-0.0178732,-0.220657,-0.00829153,-0.131629,-0.258627,-0.10147,-0.314332,0.483649,2.06674,0.401013,-0.208405,0.132899,1.11341,1.79379,0.131239,-1.03388,-0.325928,1.41541,-0.102809,0.126259,0.0404482,1.4643,0.801437,2.26609,-2.45525,-3.05489,-0.000321802,-0.44603,-1.49243,-1.32679,2.41295,-0.657317,0.502013,0.000774032,0.0396768,1.2109,0.326566,0.108781,-0.405805,0.235428,-0.358296,0.0094368,-0.907721,0.447832,-1.17758,1.05998,0.111418,-1.94227,-0.958406,-1.11839,-0.143875,-2.79177,0.491468,-21.5092,-2.17809,1.51639,10.3267,2.93222,-0.46774,-0.00342074,35.8922,-35.6978,1.33885,-3.64393,-80.7818,7.91079,0.000362515,9.25163,4.01274,3.66333,1.69854,-1.55312,-0.198768,1.73514,-0.065116,-1.26883,-1.2386,-0.11427,0.623548,-0.0366108,-5.98094,-5.34363,-8.06922,1.62721,2.00332,1.15953,13.3983,3.94212,18.4528,37.3842,3.12241,-23.0565,4.72638e-06,27.2401,-8.48905,6.49135,37.8445,-49.342,-23.2483,-1.4622e-05,9.85532,5.57151,5.3396,7.82187,-1.35052,-0.564819,-0.4999,-0.0120089,-25.2454,2.24354,-8.04808,-12.3444,-9.52484,0,0,1,1,1.47564,0,-0.200453,0.0153678,-0.103605,-0.00701913,-24.4523,164.85,11.1684,0.971734,0,-0.304665,0.401762,2.08701,0.0798349,114.22,593.335,22.6969,0.000194284,0.0286277,3.74139
1.1,0.0789431,-0.00372586,0.0165146,1.25419,0.934922,-0.243228,0.390696,0.0150608,-0.219858,0.209435,0.106967,0.00382706,-0.0156333,-0.388339,0.0198673,-0.143389,0.221022,0.410718,0.182681,-0.0178654,-0.219275,0.0043746,-0.127829,-0.256757,-0.105663,-0.312034,0.480016,2.06683,0.389411,-0.203702,0.120318,1.12278,1.79395,0.0714296,-1.08732,-0.40662,1.43168,-0.0827755,0.137854,0.174431,1.50373,0.985965,2.63993,-2.42403,-3.28546,-0.000321754,-0.173629,-1.57732,-1.26188,2.79139,-1.15074,0.26953,0.000773886,0.13823,1.26661,0.379962,0.187,-0.41931,0.22978,-0.363295,0.00931671,-1.16017,0.470267,-1.25806,0.936531,0.0161691,-0.758288,-0.877196,-0.179536,-0.0792942,0.678565,-0.16415,-22.549,-4.69198,1.59068,7.24462,3.88948,-0.266974,-0.00597583,37.0416,-32.8997,1.61194,-6.99152,-77.5144,7.47781,0.00116406,9.76321,2.23414,4.46962,1.65642,-1.45247,-0.188369,1.77207,-0.0669385,-1.32852,-1.36227,-0.153324,0.600197,-0.0330421,-5.44282,-1.96474,-6.30911,1.32303,2.27576,1.09224,10.4258,0.0943315,10.2156,29.4587,25.8917,-2.95639,4.84727e-06,30.4107,-6.79526,9.67961,42.299,-57.8114,-24.005,-1.68831e-05,8.3593,1.51705,3.97295,7.10545,0.798778,-2.33872,1.81807,-0.0166794,-22.3895,1.52049,-4.97257,-15.2731,-7.50332,0,0,1,1,1.48023,0,-0.199876,0.0251567,-0.160618,-0.00886319,-31.5522,201.451,11.1165,0.973809,0,-0.304808,0.38295,1.86032,0.0674488,116.167,564.322,20.4604,0.000188264,0.0288511,1.36762
1.11,0.0791131,-0.0147955,0.0118175,1.26864,0.934322,-0.24174,0.393483,0.0301074,-0.208977,0.23878,0.0853158,-0.0293232,-0.0156365,-0.387034,0.00341457,-0.15504,0.253166,0.39343,0.182976,-0.0178577,-0.217056,0.0171924,-0.123633,-0.254177,-0.109776,-0.30997,0.476565,2.06693,0.375571,-0.198847,0.107241,1.13062,1.79336,0.0170014,-1.10697,-0.469711,1.44491,-0.0600179,0.148777,0.278689,1.50467,1.08812,2.93452,-2.16511,-3.31502,-0.000321706,0.130478,-1.64528,-1.16509,3.21438,-1.72885,0.0294801,0.000773717,0.221823,1.28178,0.419692,0.258054,-0.411322,0.206392,-0.345114,0.00914992,-1.38407,0.485472,-1.30778,0.7838,-0.0588641,0.125704,-1.54298,0.917611,-0.236392,-0.0889685,0.0668489,-24.0556,-7.68289,1.84462,3.51785,4.65741,0.0244344,-0.00802764,38.311,-29.3956,1.78503,-10.5379,-73.1148,7.00593,0.00181625,9.86865,0.220051,5.33777,1.61606,-1.38958,-0.179765,1.80646,-0.0678275,-1.38732,-1.44537,-0.176742,0.576664,-0.0287512,-4.74621,1.28855,-4.23542,0.949231,2.44599,0.985293,6.08526,-3.69845,2.05836,20.2177,45.9487,15.5818,5.15205e-06,34.157,-5.12461,12.7811,46.8696,-66.2053,-25.0586,-1.78118e-05,6.62536,-2.40966,2.66163,6.21683,2.78128,-3.61382,4.60593,-0.0193666,-18.8495,0.891318,-1.5444,-18.3581,-5.20061,0,0,1,1,1.48462,0,-0.199223,0.0358063,-0.21858,-0.00945896,-39.3696,240.332,10.4003,0.975876,0,-0.304929,0.362864,1.65337,0.0562643,116.21,529.507,18.0191,0.000183988,0.0290382,1.81848
1.12,0.0788085,-0.0257363,0.00669688,1.28318,0.933966,-0.240154,0.396878,0.0447843,-0.19789,0.270147,0.0682595,-0.0609152,-0.0156397,-0.382314,-0.0135506,-0.165413,0.289997,0.369521,0.180765,-0.01785,-0.214176,0.0297693,-0.119169,-0.250975,-0.113611,-0.308268,0.473574,2.06702,0.359845,-0.193904,0.0940084,1.13662,1.79225,-0.0304607,-1.09408,-0.512065,1.45441,-0.035558,0.15863,0.339542,1.46768,1.10871,3.1367,-1.70563,-3.15921,-0.000321654,0.472048,-1.69652,-1.03727,3.68308,-2.3909,-0.221105,0.000773539,0.288077,1.25769,0.446308,0.320223,-0.383509,0.170254,-0.299055,0.00895625,-1.57256,0.494385,-1.32323,0.600219,-0.11087,1.00601,-2.11975,2.11101,-0.139529,-0.359395,-0.00488596,-25.6302,-10.8245,2.30417,-0.948187,5.14994,0.389727,-0.00935511,39.6418,-25.4087,1.82975,-14.1654,-67.6224,6.48811,0.00205162,9.91627,-1.61709,6.28319,1.58128,-1.34809,-0.167324,1.84246,-0.0675159,-1.36731,-1.51058,-0.202451,0.590432,-0.0255287,-4.09642,4.15474,-1.95523,0.530343,2.56197,0.814796,0.831494,-6.99483,-5.33148,9.55677,60.5576,31.3491,5.18552e-06,38.4752,-3.59996,15.8512,50.9343,-73.6317,-26.5235,-1.83311e-05,5.04603,-5.78695,1.56632,5.16088,4.41,-4.17803,7.72005,-0.0192116,-14.7872,0.417036,1.99935,-21.4501,-2.94102,0,0,1,1,1.48883,0,-0.198504,0.046765,-0.275636,-0.00876825,-47.6553,280.883,8.93518,0.97795,0,-0.305022,0.343624,1.47248,0.0464764,114.221,489.455,15.4488,0.000181079,0.0291801,3.17969
1.13,0.0780943,-0.0362616,0.00138071,1.29778,0.933867,-0.238486,0.400357,0.0587616,-0.187336,0.30247,0.057259,-0.0893724,-0.0156429,-0.373746,-0.0308759,-0.174201,0.331921,0.338248,0.175902,-0.0178422,-0.21079,0.0417675,-0.11455,-0.247256,-0.117005,-0.306983,0.471356,2.0671,0.342641,-0.188918,0.0809761,1.14048,1.79085,-0.071425,-1.05253,-0.531617,1.45971,-0.00993824,0.166778,0.347857,1.39774,1.05539,3.23226,-1.10005,-2.84571,-0.000321603,0.856799,-1.73252,-0.878762,4.19242,-3.12722,-0.48634,0.000773356,0.338537,1.19982,0.461971,0.371831,-0.339409,0.128474,-0.221854,0.00876414,-1.72044,0.498556,-1.30323,0.385718,-0.14028,1.32727,-2.42135,3.40363,-0.224855,-0.383063,-0.10246,-27.1666,-14.0456,2.98307,-6.11071,5.31121,0.79765,-0.00988484,40.6974,-21.0658,1.72169,-17.6368,-61.1416,5.92513,0.0016167,9.71889,-3.08441,7.26085,1.53951,-1.33339,-0.151192,1.87053,-0.0655805,-1.27014,-1.55358,-0.230325,0.637708,-0.0237189,-3.7882,6.4003,0.398197,0.0752253,2.58834,0.587425,-4.68223,-9.52862,-11.5706,-2.15073,68.1755,43.6261,5.09933e-06,43.1217,-2.22275,18.9337,53.6915,-78.9387,-28.295,-1.88556e-05,3.90565,-8.31737,0.784092,3.95585,5.52631,-3.87805,10.9484,-0.0150761,-10.4017,0.166037,5.36047,-24.4004,-0.918991,0,0,1,1,1.4928,0,-0.197749,0.057254,-0.329195,-0.00686356,-56.076,322.422,6.72234,0.980044,0,-0.305076,0.327224,1.32189,0.0381315,110.161,445.017,12.837,0.00017879,0.0292704,4.40648
1.14,0.0770012,-0.0461469,-0.00389565,1.31239,0.934026,-0.236759,0.403367,0.0717861,-0.177939,0.334577,0.0530761,-0.113467,-0.0156461,-0.360866,-0.0484234,-0.181095,0.379215,0.299082,0.168209,-0.0178345,-0.207014,0.0529339,-0.109852,-0.243142,-0.119847,-0.306086,0.470232,2.06719,0.324396,-0.183916,0.0684798,1.14189,1.78935,-0.109307,-0.98853,-0.527636,1.46046,0.0159451,0.172652,0.301035,1.30245,0.939685,3.21076,-0.418295,-2.40945,-0.000321552,1.28802,-1.75475,-0.689426,4.72934,-3.91661,-0.76929,0.000773167,0.377593,1.11664,0.469812,0.41139,-0.284146,0.0896934,-0.11237,0.00861337,-1.82445,0.500216,-1.24963,0.141714,-0.14947,1.04341,-2.60439,4.82151,-0.32508,-0.416333,-0.0198739,-28.3964,-17.3871,3.87419,-11.9051,5.12314,1.2135,-0.0096988,41.1955,-16.4967,1.4434,-20.7095,-53.8525,5.32437,0.000264888,9.26545,-4.19663,8.23968,1.49343,-1.35568,-0.133467,1.88767,-0.0619871,-1.10854,-1.5807,-0.263865,0.711642,-0.0235461,-3.96431,7.90455,2.69417,-0.391525,2.50255,0.314058,-9.70786,-11.2413,-16.5128,-14.0576,68.6734,52.1396,4.97766e-06,47.6053,-0.843413,22.0018,54.2403,-80.7675,-30.0255,-1.93194e-05,3.36884,-9.8816,0.35965,2.65081,6.01795,-2.647,14.0274,-0.0058518,-5.92091,0.182089,8.23638,-27.0614,0.805701,0,0,1,1,1.49649,0,-0.19699,0.0661399,-0.374947,-0.00398199,-64.2459,364.21,3.86796,0.982177,0,-0.305071,0.31535,1.20357,0.031134,104.102,397.316,10.2778,0.000176503,0.0293074,5.60339
1.15,0.0755117,-0.0552418,-0.00890259,1.32695,0.934436,-0.235001,0.405407,0.0836865,-0.170194,0.365279,0.0557604,-0.132347,-0.0156493,-0.343225,-0.0660552,-0.185789,0.431932,0.251839,0.157513,-0.0178268,-0.202902,0.0631122,-0.105118,-0.238763,-0.122086,-0.305454,0.470511,2.06727,0.305559,-0.178895,0.0568071,1.1406,1.78794,-0.14895,-0.909484,-0.500694,1.45655,0.0409706,0.175792,0.203956,1.19004,0.774557,3.07018,0.268439,-1.88806,-0.000321502,1.76407,-1.76318,-0.469408,5.27174,-4.72428,-1.06954,0.000772974,0.411282,1.01783,0.473408,0.437898,-0.223966,0.0632234,0.0279039,0.00855486,-1.88366,0.502037,-1.16726,-0.1289,-0.141413,0.190245,-2.74495,6.31028,-0.192116,-0.402409,0.0230297,-29.0369,-20.9151,4.95502,-18.1975,4.59935,1.61125,-0.00898182,40.8473,-11.943,1.00589,-23.1313,-46.0114,4.69483,-0.00219747,8.59379,-5.00841,9.18388,1.44408,-1.41739,-0.115938,1.89108,-0.0568542,-0.907443,-1.60338,-0.306409,0.8018,-0.0249454,-4.59839,8.71057,4.79417,-0.840576,2.30547,0.00426482,-13.5958,-12.2536,-20.1329,-25.011,63.1531,56.9502,4.87944e-06,51.2192,0.794156,24.9089,51.7498,-77.6608,-31.1647,-1.96954e-05,3.41356,-10.5437,0.281819,1.33408,5.83776,-0.522063,16.669,0.00910208,-1.58985,0.45742,10.376,-29.2877,2.26503,0,0,1,1,1.49987,0,-0.19626,0.072359,-0.408689,-0.00055639,-71.799,405.526,0.552084,0.984369,0,-0.304976,0.309224,1.11712,0.0252629,96.2443,347.698,7.86294,0.000174083,0.0292967,6.89855
1.16,0.0735624,-0.0634656,-0.0134301,1.34143,0.935076,-0.233243,0.406086,0.0943615,-0.164461,0.39348,0.0647601,-0.145533,-0.0156526,-0.320463,-0.0836076,-0.187992,0.489824,0.19683,0.143701,-0.017819,-0.198447,0.0722361,-0.100355,-0.234251,-0.123742,-0.304874,0.472457,2.06736,0.286564,-0.173829,0.0461721,1.13639,1.78675,-0.194934,-0.822379,-0.452752,1.44814,0.0640252,0.175835,0.0679979,1.0675,0.573227,2.82007,0.89997,-1.31856,-0.000321453,2.27626,-1.75524,-0.220319,5.78924,-5.50089,-1.38119,0.000772777,0.445417,0.912391,0.476227,0.451239,-0.165589,0.0580028,0.194593,0.00864588,-1.89956,0.506611,-1.0635,-0.421777,-0.118763,-1.10891,-2.80703,7.75283,-0.0659124,-0.424483,-0.0775122,-28.8805,-24.7152,6.19853,-24.7889,3.77849,1.98064,-0.00795511,39.4072,-7.7154,0.458675,-24.6744,-37.9409,4.0448,-0.00583905,7.81112,-5.53957,10.0359,1.382,-1.51524,-0.10033,1.87559,-0.0503973,-0.70689,-1.62589,-0.355815,0.894787,-0.0274758,-5.48437,8.98356,6.56237,-1.24903,2.01847,-0.324315,-15.9748,-12.7786,-22.4348,-33.8556,53.4756,58.3409,4.8613e-06,53.1566,2.9499,27.3659,45.6697,-68.2629,-31.0634,-1.9908e-05,3.82239,-10.5129,0.485952,0.133366,5.01642,2.34747,18.5998,0.0293572,2.34333,0.915454,11.6218,-30.9385,3.51776,0,0,1,1,1.50293,0,-0.195577,0.0754266,-0.428611,0.00290226,-78.4369,445.717,-3.01809,0.986646,0,-0.304752,0.309558,1.0601,0.0201898,86.9178,297.653,5.66889,0.000171822,0.0292528,8.33103
1.17,0.0710646,-0.070791,-0.0173014,1.35579,0.935918,-0.231517,0.405169,0.103759,-0.160973,0.418295,0.0791074,-0.152884,-0.0156558,-0.292384,-0.100865,-0.187459,0.552284,0.134995,0.126783,-0.0178113,-0.193611,0.0803087,-0.0955444,-0.229725,-0.124896,-0.304059,0.476263,2.06745,0.267802,-0.168672,0.0366992,1.12908,1.78592,-0.249778,-0.732543,-0.387128,1.43565,0.0842099,0.172592,-0.0917499,0.939715,0.348879,2.48151,1.43473,-0.735147,-0.000321404,2.80783,-1.72574,0.05334,6.24593,-6.18352,-1.69183,0.000772578,0.483641,0.807262,0.481086,0.452572,-0.115425,0.0814775,0.380591,0.00893945,-1.87613,0.515766,-0.947286,-0.731163,-0.0835853,-2.66817,-2.67142,9.00499,0.00243196,-0.449777,-0.0680148,-27.8059,-28.8535,7.57445,-31.4451,2.71482,2.32499,-0.00682123,36.7838,-4.11765,-0.114788,-25.1903,-30.0041,3.37771,-0.0105475,7.01347,-5.75348,10.7103,1.29898,-1.64256,-0.0882469,1.83796,-0.0430255,-0.541412,-1.64199,-0.404731,0.979621,-0.0305171,-6.3097,8.9443,7.87849,-1.59312,1.68338,-0.643207,-16.8101,-13.024,-23.3882,-39.7466,41.6624,56.6771,4.96148e-06,52.7273,5.78052,28.9864,35.929,-51.642,-29.1732,-1.99146e-05,4.26635,-10.0744,0.861232,-0.792613,3.65149,5.72982,19.5908,0.0527527,5.63949,1.42296,11.9195,-31.8878,4.59704,0,0,1,1,1.50566,0,-0.194954,0.0754914,-0.435465,0.00597638,-83.9364,484.179,-6.64494,0.989051,0,-0.304335,0.316578,1.0284,0.0154929,76.5589,248.701,3.7467,0.000170097,0.0291967,9.77509
1.18,0.0679358,-0.077222,-0.0203848,1.36999,0.936929,-0.229855,0.40257,0.111853,-0.159823,0.439136,0.0976209,-0.154568,-0.015659,-0.259033,-0.117544,-0.184027,0.618336,0.0679959,0.106948,-0.0178036,-0.188348,0.0873739,-0.0906474,-0.225279,-0.125686,-0.302671,0.482028,2.06755,0.249605,-0.163372,0.0284183,1.11858,1.78554,-0.312875,-0.6431,-0.308343,1.41972,0.101044,0.16616,-0.259851,0.809475,0.114997,2.08405,1.85135,-0.168375,-0.000321355,3.3351,-1.66794,0.343204,6.60522,-6.69994,-1.98356,0.000772379,0.526305,0.706518,0.489699,0.444646,-0.0789097,0.138776,0.576499,0.00946697,-1.81973,0.529995,-0.828092,-1.05004,-0.0376149,-4.22291,-2.22089,9.89953,-0.0893451,-0.520171,0.00328606,-25.8067,-33.2989,9.03641,-37.9263,1.47031,2.65621,-0.00573375,33.0824,-1.39029,-0.614435,-24.6473,-22.5653,2.69378,-0.0160008,6.29368,-5.6437,11.1074,1.18712,-1.78037,-0.0798295,1.77674,-0.0352556,-0.439094,-1.64617,-0.444279,1.04771,-0.0334079,-6.72981,8.79307,8.65528,-1.85593,1.35271,-0.926744,-16.4099,-13.1195,-22.9774,-42.3709,29.4677,52.4441,5.19383e-06,49.516,9.24998,29.3632,23.0089,-27.6985,-25.2197,-1.96856e-05,4.38006,-9.50258,1.27825,-1.28039,1.89191,9.32625,19.5016,0.074828,8.10435,1.82075,11.3291,-32.0477,5.47719,0,0,1,1,1.50809,0,-0.194389,0.0731085,-0.431523,0.00842326,-88.1544,520.331,-10.1568,0.99165,0,-0.303625,0.330216,1.01696,0.0106596,65.6762,202.262,2.12008,0.000169127,0.02915,11.002
1.19,0.0641341,-0.0827737,-0.0226027,1.384,0.938074,-0.228287,0.398331,0.118636,-0.16097,0.455739,0.119081,-0.151008,-0.0156622,-0.220731,-0.133299,-0.177658,0.686689,-0.00177337,0.08459,-0.0177959,-0.182647,0.0934888,-0.0856226,-0.22096,-0.126285,-0.300351,0.489743,2.06765,0.232218,-0.15789,0.0212703,1.10487,1.78571,-0.380173,-0.555169,-0.221791,1.40116,0.114571,0.156892,-0.42395,0.67828,-0.114777,1.66034,2.14603,0.356066,-0.000321303,3.83026,-1.57544,0.636836,6.83531,-6.97693,-2.23575,0.000772182,0.570105,0.611492,0.502481,0.431842,-0.0599906,0.232038,0.771515,0.0102153,-1.73869,0.548203,-0.714801,-1.37052,0.017157,-5.4778,-1.41429,10.3186,-0.0218623,-0.571596,0.104483,-22.9601,-37.9185,10.5183,-44.0311,0.110149,2.98302,-0.00478647,28.6195,0.376309,-0.958373,-23.1429,-15.9458,1.99889,-0.0217014,5.68504,-5.23182,11.1382,1.04937,-1.90648,-0.0746136,1.6957,-0.0277639,-0.409848,-1.63416,-0.466433,1.09567,-0.0356356,-6.47781,8.65383,8.85414,-2.02322,1.07998,-1.15122,-15.305,-13.0791,-21.2356,-42.0067,18.1144,46.208,5.56598e-06,43.5185,13.0966,28.1723,7.89234,2.47433,-19.3297,-1.92441e-05,3.87415,-8.98918,1.61523,-1.19927,-0.0831702,12.8029,18.311,0.0885478,9.61753,1.9607,10.0154,-31.3886,6.07211,0,0,1,1,1.51024,0,-0.193884,0.0690182,-0.419716,0.0101705,-91.0347,553.604,-13.4148,0.994565,0,-0.302457,0.350467,1.02036,0.00503907,54.7947,159.531,0.787847,0.000169031,0.0291278,11.7821
1.2,0.0596846,-0.08746,-0.0239352,1.39781,0.939328,-0.226833,0.392561,0.124111,-0.164242,0.468142,0.142353,-0.142826,-0.0156654,-0.178076,-0.147744,-0.168473,0.755831,-0.0712952,0.0602995,-0.0177882,-0.176558,0.0987048,-0.0804363,-0.216762,-0.126894,-0.29675,0.499289,2.06776,0.215793,-0.152212,0.0151238,1.08803,1.78649,-0.444951,-0.468631,-0.133249,1.38093,0.125371,0.14538,-0.577,0.54749,-0.327133,1.24027,2.32717,0.818146,-0.000321247,4.26545,-1.44447,0.918559,6.91424,-6.95218,-2.42905,0.000771989,0.608847,0.521601,0.518633,0.41985,-0.0608223,0.360068,0.954625,0.0111007,-1.64251,0.56781,-0.614647,-1.6844,0.0778781,-6.0998,-0.357686,10.2079,0.138717,-0.786583,0.0104466,-19.4391,-42.4876,11.9375,-49.6089,-1.3033,3.31,-0.00401895,23.8392,1.26246,-1.11233,-20.8828,-10.3848,1.31323,-0.0270601,5.24377,-4.61188,10.7502,0.889097,-1.99767,-0.0716462,1.60015,-0.0211891,-0.458467,-1.60778,-0.466103,1.12222,-0.0368542,-5.4446,8.55186,8.49516,-2.09693,0.901239,-1.30262,-14.0822,-12.8095,-18.2736,-39.4163,8.2439,38.5656,2.85646e-06,35.1745,16.875,25.2742,-8.12162,36.4518,-12.0465,-1.08415e-05,2.62301,-8.608,1.78181,-0.49126,-2.08785,15.8334,16.1299,0.0846511,10.1547,1.74097,8.22274,-29.9523,6.26132,0,0,1,1,1.51213,0,-0.193427,0.0639905,-0.403181,0.0112773,-92.6047,583.47,-16.3201,0.998024,0,-0.300536,0.37782,1.03336,-0.00229881,44.3896,121.408,-0.270085,0.000170006,0.0291345,11.9237
1.21,0.0546906,-0.0912911,-0.0244182,1.41141,0.940672,-0.225509,0.385383,0.128305,-0.16934,0.476603,0.166449,-0.130788,-0.0156686,-0.131904,-0.160501,-0.15676,0.824162,-0.137172,0.0348043,-0.0177804,-0.170208,0.10306,-0.0750718,-0.212613,-0.127711,-0.291566,0.510448,2.06788,0.200383,-0.146359,0.00979964,1.06819,1.78789,-0.499397,-0.383112,-0.0482977,1.35996,0.134383,0.132354,-0.717822,0.419394,-0.509868,0.84611,2.40961,1.2038,-0.000321219,4.61719,-1.27572,1.1713,6.83302,-6.58766,-2.54952,0.000771881,0.635077,0.435521,0.536451,0.414937,-0.0817008,0.518402,1.11592,0.0119472,-1.54097,0.58522,-0.53242,-1.98393,0.140491,-5.88987,0.70024,9.62609,0.216118,-0.343246,-0.120185,-15.4425,-46.7748,13.2133,-54.5737,-2.71189,3.63058,-0.00343462,19.1927,1.50869,-1.10239,-18.1176,-6.01272,0.672567,-0.0315285,5.02581,-3.90181,9.9518,0.711306,-2.04568,-0.0714141,1.49831,-0.0161282,-0.574998,-1.56987,-0.442003,1.13282,-0.0370585,-3.7052,8.42994,7.65934,-2.08932,0.845572,-1.37108,-13.2282,-12.1631,-14.2911,-35.6224,0.0292808,30.0983,2.6344e-06,25.284,20.0673,20.7851,-23.6793,70.7326,-4.21986,-1.04899e-05,0.695203,-8.32416,1.73795,0.799424,-3.95155,18.1444,13.1938,0.052268,9.8012,1.13184,6.2394,-27.8591,5.93333,0,0,1,1,1.51381,0,-0.193013,0.0587,-0.38482,0.0118813,-92.9707,609.489,-18.818,1.00248,0,-0.297277,0.414228,1.05151,-0.01291,34.8424,88.4464,-1.08591,0.000172357,0.0291653,11.3147
1.22,0.0493261,-0.0942792,-0.0241352,1.4248,0.9421,-0.224323,0.376882,0.131283,-0.175868,0.481502,0.190548,-0.11574,-0.0156718,-0.083204,-0.171251,-0.142968,0.890124,-0.195975,0.00888716,-0.0177727,-0.163787,0.106583,-0.0695334,-0.208383,-0.128923,-0.284568,0.522927,2.068,0.185954,-0.140394,0.00509938,1.04556,1.78989,-0.536449,-0.298813,0.0282957,1.33907,0.142839,0.118643,-0.850104,0.297763,-0.652779,0.489885,2.4099,1.50479,-0.000321192,4.87003,-1.07505,1.37915,6.59623,-5.88034,-2.59172,0.000771776,0.642029,0.352279,0.553831,0.422931,-0.121216,0.699846,1.24786,0.0124699,-1.44296,0.596538,-0.470026,-2.26252,0.199825,-4.65925,1.43288,8.67188,0.0644655,-0.132604,-0.220122,-11.1743,-50.5802,14.2777,-58.9038,-4.06396,3.93244,-0.00300645,15.056,1.41818,-0.993013,-15.1049,-2.84766,0.1179,-0.0347043,5.04109,-3.25466,8.81993,0.530036,-2.04611,-0.07382,1.39869,-0.012921,-0.752451,-1.52682,-0.397015,1.1266,-0.0362559,-1.48908,8.19556,6.47975,-2.01844,0.889113,-1.36008,-13.0224,-11.0168,-9.5812,-31.6389,-6.63223,21.3593,2.54058e-06,14.8452,22.2358,15.0956,-37.6247,101.435,3.20768,-9.62737e-06,-1.67649,-8.04112,1.49822,2.52239,-5.53988,19.5695,9.8313,-0.0185842,8.74287,0.183036,4.34861,-25.3003,5.03344,0,0,1,1,1.5153,0,-0.192633,0.0536405,-0.366858,0.012139,-92.3151,631.362,-20.8912,1.00894,0,-0.291364,0.464895,1.07068,-0.0298371,26.4205,60.8478,-1.69567,0.000176281,0.0292109,9.95156
1.23,0.0438128,-0.0964478,-0.0232043,1.43799,0.943618,-0.223272,0.367078,0.133159,-0.183354,0.483237,0.213984,-0.0985565,-0.015675,-0.0330191,-0.179778,-0.127667,0.952324,-0.244635,-0.0167092,-0.017765,-0.157535,0.109302,-0.0638453,-0.203902,-0.130689,-0.275612,0.536389,2.06813,0.172399,-0.13441,0.000833982,1.02041,1.79239,-0.55134,-0.216857,0.0930932,1.31888,0.15173,0.105042,-0.980327,0.187595,-0.748591,0.173496,2.34358,1.71838,-0.000321167,5.01848,-0.852691,1.53011,6.21998,-4.86599,-2.55964,0.00077168,0.625264,0.271868,0.568813,0.448155,-0.176615,0.895541,1.34617,0.0122841,-1.35553,0.598368,-0.42654,-2.51552,0.250159,-2.51072,1.58052,7.47188,-0.127994,0.177722,-0.169357,-6.75925,-53.7791,15.0846,-62.6306,-5.31157,4.20011,-0.0027028,11.6347,1.26648,-0.837982,-12.0493,-0.807636,-0.326766,-0.0364342,5.21143,-2.80094,7.49135,0.361289,-2.00616,-0.0790463,1.3107,-0.0116567,-0.968785,-1.48732,-0.33894,1.10712,-0.0347434,0.881415,7.77956,5.12246,-1.90143,1.00608,-1.28336,-13.5014,-9.3509,-4.51806,-28.2433,-11.9394,12.8728,2.56753e-06,4.8616,23.1604,8.82095,-49.165,125.281,9.44149,-7.89531e-06,-4.1704,-7.66554,1.12534,4.44571,-6.76918,20.0835,6.41503,-0.134686,7.24366,-0.986571,2.77999,-22.5255,3.60397,0,0,1,1,1.51663,0,-0.192283,0.0491167,-0.350751,0.0121876,-90.8779,648.975,-22.5501,1.02002,0,-0.279235,0.542756,1.08427,-0.0601006,19.2733,38.5024,-2.13418,0.000181665,0.0298139,8.04409
1.24,0.0383875,-0.0978384,-0.0217611,1.45099,0.945235,-0.22235,0.355925,0.134099,-0.191292,0.482147,0.236226,-0.0800854,-0.0156783,0.0176519,-0.185989,-0.111484,1.00961,-0.280767,-0.0413615,-0.0177573,-0.151699,0.111254,-0.0580447,-0.198976,-0.133132,-0.264648,0.550492,2.06823,0.159568,-0.128525,-0.00315342,0.992998,1.79526,-0.542525,-0.139062,0.144318,1.29987,0.161791,0.0922089,-1.11534,0.0940856,-0.793772,-0.108937,2.22419,1.84711,-0.000321141,5.0671,-0.621087,1.61832,5.72833,-3.61318,-2.46522,0.000771601,0.58356,0.195212,0.580066,0.492612,-0.244307,1.09638,1.41032,0.0109372,-1.28309,0.588503,-0.39874,-2.74078,0.286199,0.276432,1.07292,6.06762,-0.10994,0.163565,-0.272291,-2.27387,-56.3114,15.6086,-65.8113,-6.41657,4.42109,-0.00249016,8.96955,1.22414,-0.594547,-9.11302,0.261519,-0.693817,-0.0368267,5.34527,-2.62616,6.13819,0.221082,-1.92982,-0.0850798,1.24038,-0.0120041,-1.20634,-1.46374,-0.278406,1.07233,-0.0327554,3.06039,7.18539,3.75995,-1.75795,1.14684,-1.16964,-14.4871,-7.29349,0.469109,-25.8443,-16.0713,5.13853,2.78449e-06,-3.8208,22.9129,2.68407,-57.9253,140.53,14.0229,-4.03977e-06,-6.46532,-7.16087,0.712608,6.30748,-7.61382,19.8149,3.2998,-0.296246,5.60214,-2.21711,1.66804,-19.8155,1.80337,0,0,1,1,1.51781,0,-0.191958,0.0452892,-0.337336,0.0121341,-88.9353,662.433,-23.8279,1.045,0,-0.247888,0.681846,1.0679,-0.123482,13.4437,21.0553,-2.43465,0.00018818,0.0305541,6.1771
1.25,0.0332683,-0.0985105,-0.019942,1.46381,0.946968,-0.221545,0.343323,0.134311,-0.199183,0.478473,0.25686,-0.0611005,-0.0156815,0.0679408,-0.189909,-0.0950324,1.0611,-0.302846,-0.0646114,-0.0177496,-0.14651,0.11249,-0.0521727,-0.193419,-0.136337,-0.251703,0.564925,2.06831,0.147297,-0.122862,-0.00697401,0.963609,1.7983,-0.511922,-0.0672079,0.181917,1.28229,0.173259,0.0805125,-1.26021,0.0211507,-0.78908,-0.36738,2.06347,1.89849,-0.000321113,5.02889,-0.391958,1.64516,5.14908,-2.20788,-2.32499,0.00077156,0.518907,0.123604,0.587193,0.555687,-0.320445,1.29453,1.44332,0.00797476,-1.22707,0.566332,-0.382059,-2.93893,0.304232,9.03535,2.33186,4.69052,0.219739,-0.539141,-0.03037,1.7069,-58.3961,15.8873,-68.4054,-7.35189,4.58373,-0.00231868,11.8431,-0.324385,-1.87381,-7.86251,2.82784,-0.1955,-0.0360859,5.71012,-2.52545,4.94312,0.0010744,-1.87484,-0.0981867,1.14279,-0.012021,-1.63197,-1.39696,-0.196153,0.96274,-0.0283736,4.70928,6.45948,2.58059,-1.75538,1.13374,-0.997352,-15.7038,-5.11431,4.93185,-24.4795,-19.1467,-1.37814,3.46384e-06,-10.6641,21.843,-2.639,-63.9235,147.469,16.8992,8.01432e-06,-8.35599,-6.58129,0.356618,7.88074,-8.10806,19.0235,0.760858,-0.493839,4.09207,-3.34498,1.02933,-17.4424,-0.107426,0,0,1,0,1.51886,0,-0.191663,0.0422082,-0.326912,0.0120489,-86.7718,672.067,-24.7702,0,0,0,0,0,0,0,0,0,0.000195595,0.031128,10.4602
1.26,0.02862,-0.0985367,-0.0178647,1.47646,0.948814,-0.22084,0.32915,0.134011,-0.20658,0.472352,0.27558,-0.0422534,-0.0156847,0.117163,-0.191644,-0.0788447,1.1062,-0.310177,-0.0861714,-0.0177419,-0.142157,0.113068,-0.0462651,-0.187074,-0.140352,-0.236856,0.579435,2.06834,0.135436,-0.117533,-0.0106917,0.932476,1.80133,-0.464829,-0.00261312,0.207723,1.26473,0.184596,0.0705389,-1.41725,-0.0299924,-0.739762,-0.612175,1.87201,1.88471,-0.000321079,4.92225,-0.173528,1.61877,4.50984,-0.733183,-2.156,0.000771641,0.435347,0.0577907,0.590759,0.634495,-0.401526,1.48476,1.45093,0.00303636,-1.18615,0.532882,-0.371766,-3.11335,0.303158,14.6019,0.468645,3.8315,0.37464,-1.82071,0.288716,6.97083,-59.7923,15.8353,-70.8912,-8.09528,4.68439,-0.00225619,11.9331,-0.0818731,-2.02234,-8.15427,2.82432,-0.18648,-0.0351907,5.82264,-2.60155,4.03149,-0.0231006,-1.78098,-0.101271,1.14074,-0.0146269,-1.78867,-1.41364,-0.161747,0.945035,-0.0274077,5.99729,5.80057,1.63886,-1.57177,1.36212,-0.879266,-16.8055,-3.14164,8.46957,-23.9434,-21.2508,-6.31036,3.42864e-06,-15.4082,20.4252,-6.6604,-67.5297,148.227,18.3612,1.03388e-05,-9.60926,-5.97749,0.0947887,9.02042,-8.33056,18.0421,-1.05669,-0.706664,2.91748,-4.2356,0.77242,-15.61,-1.8205,0,0,1,0,1.51975,0,-0.191404,0.039857,-0.319416,0.0119729,-84.6511,678.397,-25.4289,0,0,0,0,0,0,0,0,0,0.000203715,0.031533,15.2202
1.27,0.0245714,-0.0979827,-0.0156236,1.48895,0.950796,-0.220222,0.313297,0.133397,-0.213131,0.463836,0.292175,-0.0240373,-0.0156879,0.164845,-0.191337,-0.063323,1.14454,-0.302687,-0.105895,-0.0177341,-0.138764,0.113048,-0.0403481,-0.179827,-0.1452,-0.220204,0.593838,2.0683,0.123866,-0.112628,-0.0143321,0.899781,1.80418,-0.404856,0.0553926,0.224112,1.24902,0.198218,0.0617463,-1.58531,-0.0614088,-0.655066,-0.851608,1.6595,1.82161,-0.000321044,4.76817,0.0307246,1.55216,3.83455,0.749089,-1.97239,0.000771744,0.339254,-0.00198411,0.591707,0.724699,-0.484831,1.66518,1.44036,-0.00403028,-1.15697,0.490526,-0.364042,-3.26946,0.284953,21.173,-1.57622,2.94431,0.422691,-2.72026,0.31842,12.6076,-60.8503,15.541,-73.1711,-8.63611,4.72259,-0.00222067,12.4914,0.35106,-2.19391,-8.35473,2.78533,-0.175999,-0.0344212,6.03381,-2.87013,3.42486,-0.0297045,-1.67347,-0.0972469,1.14999,-0.0167343,-1.98505,-1.43981,-0.136492,0.896329,-0.0258049,6.7772,5.2647,1.01683,-1.44049,1.50205,-0.798373,-17.6156,-1.67527,10.851,-23.8821,-22.4991,-9.50446,3.31152e-06,-18.2221,19.1594,-9.21219,-69.313,145.912,18.8914,1.14602e-05,-10.3213,-5.49682,-0.0611399,9.70297,-8.38647,17.1832,-2.15556,-0.903782,2.16189,-4.82379,0.74362,-14.4149,-3.07762,0,0,1,0,1.52047,0,-0.191191,0.0381813,-0.314557,0.0119246,-82.793,682.091,-25.8576,0,0,0,0,0,0,0,0,0,0.000212668,0.0317942,21.6131
1.28,0.0212006,-0.0969023,-0.0132808,1.50129,0.952929,-0.219685,0.295683,0.132615,-0.218597,0.452931,0.306521,-0.0067717,-0.0156911,0.210704,-0.189113,-0.0487226,1.17596,-0.280604,-0.12373,-0.0177264,-0.136404,0.112478,-0.0344371,-0.171609,-0.150887,-0.201834,0.608026,2.06817,0.112512,-0.108205,-0.0178981,0.865645,1.80672,-0.337084,0.10804,0.23428,1.23461,0.213238,0.0537626,-1.76146,-0.0781615,-0.546557,-1.09043,1.43451,1.72656,-0.000321011,4.58595,0.222319,1.46004,3.14142,2.20821,-1.78348,0.000771859,0.236042,-0.0569523,0.591095,0.821728,-0.568696,1.83701,1.41881,-0.0130681,-1.13535,0.442288,-0.356606,-3.4136,0.254177,28.6657,-3.53567,2.05872,0.31102,-2.81756,0.193514,18.7256,-61.6646,15.0393,-75.3361,-8.96614,4.70207,-0.00220498,13.4633,0.90835,-2.36269,-8.51248,2.75101,-0.168146,-0.0342065,6.25223,-3.18784,3.11083,-0.0282514,-1.56032,-0.0848465,1.16528,-0.0179171,-2.22684,-1.46933,-0.118755,0.816385,-0.0234985,7.14259,4.93838,0.698318,-1.36695,1.57356,-0.759629,-18.0687,-0.838719,12.1051,-23.9823,-23.09,-11.1372,3.13621e-06,-19.5308,18.3561,-10.4616,-69.955,143.4,18.9789,1.21892e-05,-10.6335,-5.20595,-0.129383,10.0131,-8.37314,16.6415,-2.66978,-1.05029,1.79146,-5.12311,0.793746,-13.8085,-3.79192,0,0,1,0,1.521,0,-0.191031,0.0370997,-0.311866,0.0119059,-81.3562,683.893,-26.1086,0,0,0,0,0,0,0,0,0,0.000222561,0.0319134,29.0952
1.29,0.018544,-0.0953281,-0.0108682,1.5135,0.955218,-0.219223,0.276261,0.13175,-0.222852,0.439629,0.318557,0.0093802,-0.0156943,0.254611,-0.185055,-0.0351683,1.20037,-0.244182,-0.139667,-0.0177187,-0.135107,0.111388,-0.0285391,-0.162391,-0.157411,-0.181799,0.621947,2.06794,0.101338,-0.104294,-0.0213848,0.830128,1.80888,-0.265658,0.157423,0.241263,1.22094,0.228974,0.0461663,-1.94215,-0.0865486,-0.425506,-1.33025,1.20361,1.61519,-0.00032098,4.39064,0.40588,1.35543,2.44187,3.64221,-1.59369,0.00077198,0.129706,-0.109012,0.589801,0.921859,-0.652427,2.00343,1.39211,-0.023571,-1.11744,0.391057,-0.348668,-3.55169,0.216258,37.0881,-5.29565,1.18878,0.239218,-2.72654,0.134537,25.3898,-62.3069,14.3724,-77.4512,-9.09527,4.62878,-0.00220127,14.7695,1.56904,-2.53663,-8.65902,2.74302,-0.164461,-0.0347183,6.44962,-3.46192,3.01415,-0.0233847,-1.44879,-0.0654352,1.18129,-0.0181275,-2.51637,-1.49687,-0.105189,0.705786,-0.0204093,7.24685,4.82106,0.599357,-1.34088,1.58918,-0.753625,-18.2216,-0.550433,12.5084,-24.0511,-23.2638,-11.6494,2.96247e-06,-19.9036,18.06,-10.8319,-70.0766,142.236,18.9589,1.28119e-05,-10.7161,-5.09998,-0.146761,10.0974,-8.35725,16.4439,-2.81637,-1.12058,1.68176,-5.21529,0.826835,-13.62,-4.03996,0,0,1,0,1.52134,0,-0.190928,0.0365019,-0.310696,0.0119064,-80.422,684.535,-26.2325,0,0,0,0,0,0,0,0,0,0.000233889,0.0318707,37.5831
1.3,0.0166121,-0.0932718,-0.00839562,1.52558,0.957667,-0.218837,0.255018,0.130829,-0.225856,0.423921,0.328266,0.0243672,-0.0156975,0.296527,-0.17919,-0.0226973,1.21779,-0.193537,-0.153708,-0.017711,-0.134881,0.109788,-0.0226558,-0.152163,-0.164771,-0.160121,0.635587,2.06759,0.0903316,-0.100905,-0.0247888,0.793249,1.81064,0,0,0,0,0,0,0,0,0,0,0,0,0,0,0,0,0,0,0,0,0,0,0,0,0,0,0,0,0,0,0,0,0,0,0,0,0,0,0,0,0,0,0,0,0,0,0,0,0,0,0,0,0,0,0,0,0,0,0,0,0,0,0,0,0,0,0,0,0,0,0,0,0,0,0,0,0,0,0,0,0,0,0,0,0,0,0,0,0,0,0,0,0,0,0,0,0,0,0,0,0,1,0,1.5215,0,-0.19088,0.0362561,-0.310383,0.0119126,-79.9738,684.643,-26.2769,0,0,0,0,0,0,0,0,0,0.000248556,0.0316513,0